,DENV1,DENV2,DENV3,DENV4
1977.166667,0.4566217905179205,,0.19644447896720482,
1977.416667,0.4468255293945047,,0.20002863016206174,
1977.666667,0.43904575365619536,,0.20215279070461165,
1977.916667,0.4276534803443424,0.33052712838278697,0.2025798950164887,0.039239496256381894
1978.166667,0.41152619473961033,0.3408819808752188,0.20184673733477393,0.04574508705039684
1978.416667,0.3983875413508424,0.3508065783707358,0.20149745567348834,0.049308424604933516
1978.666667,,0.3561285197783193,0.20126296035494762,0.050570180152883185
1978.916667,,0.357321505793513,0.19899805521222091,0.05266537825223295
1979.166667,,0.37236600805164827,0.1979463328029765,0.05160392829676606
1979.416667,,0.37572928540622935,0.19725689800421342,0.04931658685866208
1979.666667,,0.376921855569428,0.1933686551119382,0.04942730563058258
1979.916667,,0.3708365048700311,0.188092324745117,0.0516535982917133
1980.166667,,0.3640908301807415,0.18528840662838664,0.050662059602315186
1980.416667,,0.3595246403368018,0.18467407592639232,0.04890584349885192
1980.666667,,0.34898780039038985,0.18465002198042613,0.04745143126014544
1980.916667,0.42910738867320053,0.3397273846573071,0.18483602710492852,0.046329199564563765
1981.166667,0.4277139494970583,0.3409855501895084,0.18498853422716247,0.04631196608627075
1981.416667,,0.3478726646303418,0.1851318178418363,0.04711312041724552
1981.666667,,0.35436918817321994,0.18484941362482918,0.048181175958733405
1981.916667,,0.3576323567250916,0.18412677178887218,0.04944241381942326
1982.166667,,0.35349433791684615,0.18457138774029677,0.049708324068858986
1982.416667,,0.34948680231321266,0.18600050678771,0.04942929312688379
1982.666667,,0.3466254339603375,0.18744245021246617,0.04919263096479179
1982.916667,,0.3455484407934243,0.18904087583394566,0.0489827962578137
1983.166667,,0.3456902846494573,0.19214145415607203,0.047502432637668845
1983.416667,0.4178839974179955,0.34296415486514675,0.19578711950507688,0.04336472821178102
1983.666667,0.436042703585255,0.33592883998477935,0.20076772283057515,
1983.916667,0.4532604834177547,0.33979044828962107,0.1998743260226326,
1984.166667,0.4673919136724269,0.33073145224698247,0.1950134433767352,
1984.416667,0.48745811703253633,0.3155358099414335,0.19110608417344963,
1984.666667,0.499927036574162,0.3065303826775035,0.18928021808740914,
1984.916667,0.5067295010450004,0.29914185289606765,0.19228891481229216,
1985.166667,0.502911961381214,0.3042895234784084,0.1907524833490765,
1985.416667,0.494506348203701,0.31396133712353147,0.18914728105955672,
1985.666667,0.48414877668137973,0.323174813745428,0.1904062963076573,
1985.916667,0.47450995079134234,0.3309935021429546,0.1930104819868139,
1986.166667,0.45609753818905274,0.3460561475774056,0.1959070610364263,
1986.416667,0.44511436276566824,0.3556891542267503,0.19660397763921655,
1986.666667,0.44491802470664404,0.35621021765040095,0.19605005282456642,
1986.916667,0.4518879780282305,0.3510122075087709,0.19509432761276102,
1987.166667,0.46074810033603714,0.3439181804505132,0.1928308993571138,
1987.416667,0.4666584574787018,0.3376667135281775,0.1927095952176063,
1987.666667,0.4687410237339469,0.3339903022272952,0.19457282274985643,
1987.916667,0.46885393832166095,0.3324786431225823,0.19766016210352017,
1988.166667,0.4659291577128548,0.33268396923656285,0.19967287541340448,
1988.416667,0.461029211331966,0.3341088306819065,0.20108550999718025,
1988.666667,0.4516856320416627,0.33793206879565957,0.20217449072408153,
1988.916667,0.4362000279557724,0.3449642336497754,0.20250686773158563,
1989.166667,0.4382563881928317,0.33469372639569983,0.20033795618869926,
1989.416667,0.4480560444369196,0.3195416208901981,0.19794426918780397,
1989.666667,0.4490251217652671,0.31591470884116046,0.19509874721403286,0.03996142217953968
1989.916667,0.44845685093827675,0.3156236984391601,0.19341883129663914,0.04250061932592404
1990.166667,0.44287606058865187,0.32324585786934984,0.19354008699591274,0.04033799454608567
1990.416667,0.4502530754441989,0.32229428003637306,0.1944767421446197,0.032975902374808214
1990.666667,0.4608459760142956,0.3212364742071459,0.19673176825211247,
1990.916667,0.4759103076379242,0.3226437048779983,0.2003073012829256,
1991.166667,0.48544514842171793,0.31604930817457955,0.19753305871143706,
1991.416667,0.5060004692083641,0.3017897418961596,0.19084692946342943,
1991.666667,0.5037006828502149,,0.1905785623974394,
1991.916667,0.4549547004359809,,0.17050453146580896,
1992.166667,0.49024969095921667,,0.1747116848165756,
1992.416667,0.5001675573854066,,0.18695788253775075,
1992.666667,0.49806908899432795,,0.19259683597048818,
1992.916667,0.4874107136706591,,0.19511034970867241,
1993.166667,0.46414959712226705,,0.19819965203223233,
1993.416667,0.43158503160054457,0.3601402781264323,,
1993.666667,0.44141797963679497,0.5350332805698974,,
1993.916667,0.4506848297341277,0.5169015169850585,,
1994.166667,0.4652681790340337,0.49577139309015406,,
1994.416667,0.4710600598889107,0.48585652986279027,,
1994.666667,0.4732612901671278,0.4881101691924589,,
1994.916667,0.46835622722660125,0.49129367781783806,,
1995.166667,0.45949112702923983,0.4903120137576152,,
1995.416667,0.4525206378401322,0.48668148714060905,,
1995.666667,0.4504243405320955,0.4806894507918765,,
1995.916667,0.4567586826374945,0.4682141581672224,,0.06188398900357351
1996.166667,0.45693879946884447,0.4423335489055075,,0.06026194186740784
1996.416667,0.43831998805114447,0.4071287473711006,,
1996.666667,0.41757971290054785,0.37999477659059405,,
1996.916667,0.41132148401867913,0.3668861044280988,,
1997.166667,0.4073517516384159,0.3669307662748642,,
1997.416667,0.4139224549644631,0.3654262914034735,,
1997.666667,0.42967636011650795,0.3576831795817827,,
1997.916667,0.4462006657229753,0.34982040731806474,,
1998.166667,0.4560372142803656,0.34674979928453464,,
1998.416667,0.45947073346977024,0.3449996441774317,0.19259311340756102,
1998.666667,0.4598744426695778,0.3435504982743517,0.1938429658965688,
1998.916667,0.45974360726727953,0.34210035856351406,0.1965679702218196,
1999.166667,0.45994625177910764,0.3420267604637364,0.19606801890726697,
1999.416667,0.4686041092258447,0.3345586738255392,0.19425391941578554,
1999.666667,0.4747787226148388,0.3295984690446185,0.19304745094674042,
1999.916667,0.47896336565506653,0.327059078386674,0.19242891014423094,
2000.166667,0.48401167412247903,0.32260817211561355,0.19168406027319917,
2000.416667,0.48184503840368276,0.32357641967847844,0.19188486243710934,
2000.666667,0.4698545334534899,0.3324618652713222,0.1931511892290101,
2000.916667,0.4757446651340732,0.32490312958152934,0.19210417996733906,
2001.166667,0.40543422479806684,,0.24126126993264146,
2001.416667,0.3619676922481698,,0.16564757801777452,
2001.666667,0.4474964205477256,,0.16701291931141335,0.041678558534251404
2001.916667,0.45611466827011976,,0.17976623718146226,0.045638203543046325
2002.166667,0.4478302184154576,,0.18694244945569063,0.0458297204405415
2002.416667,0.4326947682799028,,0.19313035122018796,0.042171243692900824
2002.666667,0.42053021137119384,0.3481299830849652,0.19846547354376626,0.03287433200007483
2002.916667,0.42605841059574334,0.3656110571358847,0.20625767608004406,
2003.166667,0.42198575485166684,0.37170937133833476,0.20474143406715725,
2003.416667,0.43016871649156496,0.3642053157848972,0.20287216532032767,
2003.666667,0.4380449741519745,0.3557319876078218,0.20129501580938908,
2003.916667,0.442526369294782,0.3500905067907499,0.20025768905495836,
2004.166667,0.43880516634648087,0.3461400955581217,0.19909913192206774,
2004.416667,0.43636807630321767,0.3395540066740076,0.19732021150555495,
2004.666667,0.43239693606932483,0.33589817482296974,0.19598882660394534,0.035716062503760276
2004.916667,0.42873676270799105,0.33475051262938166,0.1952481608988524,0.04126456376377469
2005.166667,0.4300470710297783,0.33213546822745693,0.19569433300954323,0.0421231277332215
2005.416667,0.4320643435592453,0.32951359428644544,0.19675520717713665,0.04166685497717242
2005.666667,0.43305795762718374,0.327611892489202,0.1979138015575184,0.041416348326095885
2005.916667,0.4337441120931835,0.3258262954537358,0.19904525111369537,0.041384341339385344
2006.166667,0.4422933981946611,0.3190016931580864,0.1989079724770015,0.03979693617025102
2006.416667,0.44074617401248817,0.3241890245176176,0.19948797375293317,0.03557682771696105
2006.666667,0.43697969495632466,0.3304588679238363,0.19852220168129628,0.034039235438542766
2006.916667,0.42618368802948,0.3398800938528657,0.1971099010496179,0.036826317068036386
2007.166667,0.42269946230433897,0.3454166776855159,0.19559919009270246,0.03628466991744257
2007.416667,0.44555267849372604,0.33927952165230973,0.1949623223120693,
2007.666667,0.4744845795931899,0.3256552700069815,0.1933688112326105,
2007.916667,0.49305333670638735,0.3130114510560233,0.19104198237296222,
2008.166667,0.49072683290345365,0.31748204358577137,0.18946900013260498,
2008.416667,0.4789645547840503,0.3278061073107287,0.19062699148090503,
2008.666667,0.4732734386564546,0.33157040512869346,0.19291934711607517,
2008.916667,0.4784868670222671,0.32345736335944497,0.19653659361950143,
2009.166667,0.464674384742915,0.332675173569679,0.20080830225134866,
2009.416667,0.45030075496013683,0.34493010779034705,0.20252942836658255,
2009.666667,0.45381202451926267,0.34017016509678427,0.20375393718914972,
2009.916667,0.4567351701572176,0.3386366699568954,0.20227914833953567,
2010.166667,0.4637780436793793,0.33271510664308834,0.1988496653111972,
2010.416667,0.4676156372045341,0.32754666272046595,0.19637567320459542,
2010.666667,0.4661468296503117,0.32618623245622547,0.19421781772255925,
2010.916667,0.45117157447636097,0.3345155509148863,0.19375911005715613,
2011.166667,0.4420370108298153,0.3338273111366958,0.19116215977050258,0.03297351826298618
2011.416667,0.43196270567556266,0.336919028757188,0.19017036398938866,0.04094790157786073
2011.666667,0.42682796496544345,0.34867269461975775,0.19309071720266918,0.0314086232121296
2011.916667,0.427050263049449,0.36174895966005627,0.19788701824844904,
2012.166667,0.4104854918426903,0.3706774114250968,0.19741378099825488,
2012.416667,0.4039522062449727,0.36907257696075363,0.19456483953457301,0.03241037725970052
2012.666667,0.4054619735898791,0.36027249323002936,,0.031053131431448163
2012.916667,0.42591139704070097,0.3527675857938094,0.19379663020066343,0.027524386964826182
2013.166667,0.42452115097568094,0.3482657627341094,,
2013.416667,0.41855153221213937,0.35309337641923055,,
2013.666667,0.4418001002666439,0.35926714452905206,,
2013.916667,0.44193603297880457,0.36097872578811796,0.1969592251004391,
2014.166667,0.44200981220995406,0.361772730449762,0.19559766158819367,
2014.416667,0.4567414376372219,0.3431702559436606,,
2014.666667,0.4667229144672517,0.32725902066678236,,
2014.916667,0.4805393300044695,0.3123634043660788,0.18441830259516784,
