actual,predicted
-1.4208431209600496,-0.4916238227487092
1.971985623830403,1.8090736483309828
0.2954558835261709,0.3726008016213316
2.596367263993405,1.7282822536478357
1.502500340529183,0.6795504624438381
-1.8073549220576042,-0.48745212322620884
2.8073549220576046,2.505080025878599
0.09621531525930305,-0.03145231166871297
-1.4594316186372973,-1.0479564322565655
0.6291623046316914,1.267590216983347
-1.4551946257508268,-0.056138391214426646
0.7964666059148682,0.2548706041882158
0.15200309344505047,0.189689368926475
-3.3484003062485534,-0.3675834623744272
-0.46948528330121997,-0.9789889507545348
0.5208321633014403,0.15539457634310455
1.6974372299795686,1.7197004597789853
-3.1565044856799904,0.6161249356004055
0.2995602818589078,-0.700395024299942
-0.32681031626710855,0.36244145237880293
1.0,0.8331385007669658
-0.13124453327825236,0.4278853590256126
-0.547487795302493,-0.24443837602881113
0.6280312226130418,0.8577042630485819
0.23446525363702353,0.2532546181223152
1.6121839694561797,1.6733067260803336
-0.20163386116965043,-0.5845040452725646
0.8345763907926278,1.5182018588889137
0.43063435432986186,0.4750563072577825
0.33703498727757175,0.7483218864686899
2.206450877467427,2.0940205511689385
-1.432959407276106,-0.8496796032248575
0.8639384504239711,0.865253433194723
0.0,0.16244065684485598
0.0,1.0417635946686814
-0.3677317845004877,-0.0526077344195931
-0.32192809488736174,-0.14548795694344852
0.4150374992788439,0.4108228911134335
2.087462841250339,2.191902910354762
0.3014297845708045,1.0724293794092798
0.0,-0.8191655830164609
-1.9751966089994273,0.15344182492588807
1.1805722456418204,0.5934842959483848
0.4854268271702411,1.1033348354865966
-0.3818706353436445,0.44600013221563795
1.3923174227787607,0.6849929224532546
0.4947646917495776,0.3731718555243799
0.4150374992788448,0.8115096404342008
0.45637829465974367,1.336525131339585
0.13750352374993513,0.6893415074606356
0.5431423250265288,0.7531579550409053
0.5360529002402101,0.9503238749586678
1.971985623830403,2.1644730228703506
1.7224660244710912,0.48310682392968296
0.0,-0.27106237824293383
2.7369655941662066,2.819942621399081
1.4069641987431627,2.394841097437566
0.9541963103868749,0.9718686402289582
0.0,0.5308149497190122
0.23132554610645517,0.5740288877801252
-0.16992500144231215,0.45090026935660066
0.1547225947986428,0.38651301278042977
1.2537565922457836,0.7322528702132052
0.6520766965796931,0.06523125191280599
-1.0,-0.9540937723258507
0.13750352374993513,-0.19198664587699388
1.1375035237499351,0.5543077345782994
6.5016841056893675,4.308013584990897
2.635588573791124,2.5067034892977684
-0.19264507794239583,0.12617361575689134
0.24511249783653177,0.19912634508805052
0.485426827170242,-0.13810957431609372
1.1420190048724281,1.7148674836405167
0.44057259138598104,0.8867509291936811
0.4651227307151524,1.6560489965077902
1.4913173901311083,2.9321644938792164
-0.09019780897157847,0.48351146565757414
1.9601072728764866,1.4381345931267866
1.1805722456418204,0.765917918499273
-0.4150374992788439,0.24370837599103412
0.361336479445598,0.4741277501605071
5.392317422778761,3.969014739968364
1.0000000000000004,0.685130718578872
-1.0000000000000004,-0.5454171879923965
0.9328858041414634,0.32940318064173946
1.0,0.3530067956142868
-0.07155326102503334,0.27903829658731627
1.280107919192735,1.150439838731218
0.5972408304995929,1.098727261257515
0.6520766965796931,0.3197178518629732
0.4150374992788439,0.3105917957163087
-0.17508670655809144,0.4822165020999166
0.0,-0.993185552950167
-1.1332665308634642,-0.18163061850118162
0.0,0.42240887481587636
0.8479969065549495,0.6154169437193597
0.9541963103868749,0.8327849333646686
0.0,-1.0558623960965194
1.6520766965796931,1.0108949421358202
2.2976805486406855,2.649137141608227
3.9835118772114306,3.395626948513968
0.5849625007211565,0.20889363877263467
0.0,2.0712179043300813
0.23446525363702353,1.6585349662012507
1.765534746362977,0.7109369690097611
0.0,0.01643512863608365
0.561557896386212,0.35320874232479843
3.4474589769712214,2.721790823627887
4.998038483666714,5.965077766471341
-0.1375035237499347,-0.27451084102503703
3.0,3.0170426363107414
2.488747185461853,2.413697635147777
-1.2439255828860896,-1.0585417556205716
1.5405683813627027,1.6377403594951607
-0.24100809950379487,-0.49210322104374693
0.10691520391651199,0.6000138538468964
0.5405683813627027,0.2586735480841351
0.6951454184715784,0.44873814424292213
-0.45720695352278273,0.12541023098637794
2.048909600480947,1.905582037911067
-0.13326653086346418,0.39714379524482585
5.529820946528696,3.4533414180009805
2.292781749227846,1.6582675287506046
-1.7776075786635523,-0.6842970368883097
1.7655347463629765,1.6312794698993958
0.07038932789139807,0.8628593483679444
0.34792330342030686,0.21028923616355089
0.485426827170242,0.38098837426070875
0.19264507794239627,-0.6936179815206263
0.16046467219324612,0.12282633628352313
1.8639384504239715,1.2731658994847836
-0.2995602818589078,-1.1157939314022176
2.8073549220576046,2.489996177288011
-0.768184324776926,-0.3417852255064695
0.0,-1.0169103684412575
0.3219280948873626,-0.036584561137045564
0.7964666059148682,0.3985970187724815
0.8845227825800648,0.5407168537458775
-0.8231222379159209,-1.3446009132968517
-0.25153876699596367,0.1651548289085287
0.7884958948062879,-0.09779529909655005
0.24100809950379487,0.1777243533153865
0.44057259138598104,-0.528192269683717
0.5405683813627027,0.5609588673769094
0.0,-0.6934052341826543
0.5145731728297585,-0.5687168965169465
-1.450825828069621,-0.6150732789811929
-0.34792330342030686,-1.1440549838902203
2.2143191208007664,0.798632233683533
0.0,-0.416831444845727
0.9663168737437111,1.3918649120551956
0.0,2.172928619051925
-0.08488889758651297,0.13899395571252207
0.07800251200127306,-0.38170303772607506
-0.1154772174199361,-0.012498894337574118
-0.09019780897157847,0.02570262557230099
-0.20163386116965043,-0.6821222623595605
0.8981203859807865,0.6940199036705847
0.6374299206152916,0.7964332677444684
1.3598959450863832,0.6470952659693335
1.6571122864769916,1.8437185652461425
0.0,1.045915434742347
-0.3677317845004877,-0.2758280964297616
6.06216882108643,6.210905192423908
1.4947646917495776,0.36198827378730974
2.292781749227846,1.7547206349474533
-0.938599455335857,-0.8894496986148639
2.0,1.0035827034186227
-0.20163386116965043,-0.3264517964379525
0.23446525363702353,0.5819279241240489
0.0,3.376218673715384
-1.3698380798487477,1.801431950461621
1.4594316186372973,0.12401869731641324
-0.2223924213364481,-0.010736956268929898
1.0752881273042378,1.0594707348880283
-0.1154772174199361,-0.03058583211466881
1.7078192485066896,1.2920250386845111
1.1375035237499351,-0.1823996530107348
0.947532580105864,0.4950067631788077
1.211504105193712,0.049699776669335116
0.0931094043914813,-0.4616484657554202
0.6520766965796931,0.06774003484095759
-0.2223924213364481,-1.0911558777732462
-0.3677317845004868,0.20005888806913494
1.415037499278844,1.0028367237094395
-0.3219280948873626,-0.08803263808409567
0.4150374992788439,0.3492972625350087
0.9541963103868749,0.24476205260759484
-0.09019780897157847,0.2877414748984698
0.561557896386212,0.37819151545808705
1.5525410230287786,0.989815623606563
0.06711419585853662,0.4995327919684033
-0.24511249783653177,-0.2533777686057082
-1.8981203859807865,-1.1779175684553034
0.20645087746742652,-0.13305985273429227
2.476438043942987,2.402849791535342
1.2444187276664471,1.804038676924646
1.0000000000000009,1.081735387855549
0.8479969065549495,0.5082951118320623
0.2837929660005907,0.43159600549169397
2.0,1.1172834928712767
0.9759143814756879,0.6330778853846308
0.2223924213364481,-0.4863145225019534
3.6293566200796104,1.8096275210642592
-0.6629650127224291,-1.1252241906044973
0.061776197586690174,0.9013639779866347
1.6229303509201771,1.4620503728947407
-0.3219280948873626,-0.4069541030912078
0.6646513893503156,0.29566614677699593
0.23446525363702353,0.6617853630945175
0.5849625007211565,0.19705779462460507
6.199672344836365,5.394744915705278
2.350497247084133,1.82527545149971
6.742692205193163,4.106839858092254
0.1154772174199361,0.060945076332301173
3.0,2.954136642715277
0.8073549220576037,0.0425064133082154
-1.3575520046180838,-0.3326351824441296
-1.506959988719883,-1.5018882329128151
2.4069641987431627,2.1015881179449094
1.6780719051126378,1.0808339610898172
2.085391491230644,2.5738775435540533
2.0443941193584543,2.5573512100095503
0.6780719051126383,0.37038188909710046
2.8194277543581796,1.9731081393730765
-1.1053530001462288,0.9206604099215682
2.155278225477911,1.7982022407911504
2.292781749227846,1.6248457706454094
1.0931094043914813,1.3862237401252606
-1.4208431209600496,-0.6174448478907815
0.15488560197817147,-0.4212395994108113
0.22239242133644765,0.6271221531549316
0.34792330342030686,-1.2659473991490178
2.8073549220576046,2.6608943558499507
-0.768184324776926,-0.32050669964447126
-0.04182017569462726,0.3531033475011621
1.7589919004962051,1.338670925217225
0.73050334353651,1.2940719650576085
-0.022900402110078488,1.6338111102288433
1.3479233034203064,0.557201056786411
-2.342392197447078,-1.1475258204782643
0.0,-0.08337949922239268
-0.15241523315386374,1.7262110012536183
0.8845227825800648,0.5253149722101726
0.3923174227787607,0.49097092390524283
0.6780719051126378,0.6809124126123989
2.0356239097307216,0.8234194126060548
-0.46948528330121997,-0.8460116602799804
-0.9278502142441649,0.40734331023192855
0.0,-0.6229027698523927
1.9754776808659313,2.8464189547196157
0.12553088208385876,-1.0564022482191586
1.4947646917495785,1.3406404962973535
1.1069152039165115,0.3093057430374193
4.764286200165719,4.0264027996787455
0.5145731728297585,-0.5473673672559582
-1.880418384247327,0.3780444302878212
0.9652345818393231,0.4990338673476903
0.691877704637669,0.546315274615356
3.0995356735509145,1.8450622258914313
2.635588573791124,2.3935844559531416
2.206450877467427,1.9231143995516575
0.900464326449085,-0.43598337049755737
0.10691520391651199,0.02422217884303235
1.3923174227787607,0.7478657203891057
1.1069152039165115,0.3091496879763145
2.155278225477911,0.8462561341932444
-0.5360529002402092,-0.11100844204355265
6.06216882108643,4.97663122285758
-0.3677317845004877,-0.1608751152455029
0.44057259138598104,0.21635735236873255
6.06216882108643,6.242635388480403
0.24100809950379487,0.6281475501503072
0.485426827170242,-0.8393322713888436
0.7631080089684374,2.011285378946753
1.3504972470841325,0.35215188647416207
-1.0242475462466771,0.10931016106945193
6.5016841056893675,4.3414157345709565
6.880195728943098,4.2715346140380115
2.7369655941662066,2.2628100401011135
0.4947646917495776,0.3973820631428585
0.0,1.4208015221892483
0.3131578852596304,0.20579286445817882
2.292781749227846,1.7537627163151628
2.0703893278913985,2.1172837855689255
0.4474589769712214,0.41500198409255623
-2.587389238115696,0.2132995176342695
-1.5052353082504215,-0.1756435487865133
1.6280312226130418,1.5113247833897496
3.2882449686310733,2.6928908676174093
4.743391863325639,2.9947077095158736
1.3692338096657197,1.270759375764409
-0.3575520046180838,0.37341745969507767
1.432959407276106,-0.41421577432240253
-4.253341009629951,-1.521217477031393
0.0,-0.38164257910861465
-2.1413558492455413,-1.190699380655384
0.1547225947986428,0.2546873011836888
1.3219280948873626,2.14873796050563
0.15488560197817147,0.6270462559952158
-0.2223924213364481,-1.0322696758960208
0.5405683813627027,0.6177322570812025
0.6951454184715784,0.9938265298809339
0.728697978182606,1.2506507502935078
0.0,0.0018717855927569693
-0.2995602818589078,-0.3260103947625032
-0.04580368961312509,0.5867773271476673
1.2537565922457827,0.6308585962111164
-0.7776075786635519,-0.6484317293147064
0.4651227307151524,1.7052384597684307
0.900464326449085,-0.13414313497237465
1.3692338096657188,0.771564154261902
0.561557896386212,0.38137420190024623
0.16046467219324612,0.7621267798627744
1.502500340529183,1.2103161943346024
1.912537158749661,1.110611389696312
1.2106019777547647,3.5962246855488806
-0.025686643663648923,0.2876030962208084
0.6731896837328915,0.4025513613005313
0.6322682154995123,0.16902951293798485
2.0356239097307216,1.420764335617788
1.6322682154995127,1.9622746273961167
2.0,1.4288767782740432
0.0,0.615203883948839
0.3870231231092469,-0.06829819448764837
0.6646513893503156,0.2668373836111603
2.5800720043740837,3.6722314560885922
1.765534746362977,0.7398566605066754
0.8073549220576037,-0.08811081497765766
1.3667823306716231,1.7479578926466575
1.549338590990435,2.01896481583066
1.1375035237499351,1.0182984989690007
0.6780719051126383,0.43689658498280604
4.851749041416058,3.3068094009717934
0.925999418556223,0.01642469745453279
-2.3471653863863855,-0.8041593314315497
1.7655347463629765,1.4858492934759246
1.549338590990435,1.2557019406729366
1.4947646917495785,1.1748692079065162
0.07038932789139807,0.7465306324862302
0.7484612330040363,0.7594800528499845
2.0,0.3188882830006482
0.34792330342030686,-1.1771149118131687
-0.2995602818589078,-1.1016525760291176
0.09621531525930305,-0.17014599075835157
-0.022900402110078488,1.7075670254236648
0.7964666059148682,0.3605419946233332
0.0,-0.2737436943707206
0.3692338096657197,0.5231134323884186
0.4150374992788439,0.39140362383794836
1.054447784022376,0.7310546435906689
0.613645255425241,1.8709094075475117
-2.838456139345344,-0.4889545783321422
-2.8073549220576046,-0.2594315758921396
-1.1636660109706298,0.11510587917616207
2.1935375586642634,3.6055899847313313
0.6780719051126378,0.4950795383986337
0.24100809950379487,0.18234797762680355
1.0931094043914813,1.5209204827416865
2.2143191208007664,0.7830337798340572
0.36257007938470753,0.2689459408709992
1.6280312226130418,1.61842571969858
0.900464326449085,-0.030690014202957167
3.0,2.6794193052624893
-2.0443941193584534,-1.7867008852120356
0.925999418556223,1.0235243827173084
1.7655347463629765,0.6138182657582056
0.6520766965796931,-0.19739273806079116
1.352301743930881,1.2757128519343788
0.33703498727757175,0.7039358332207531
1.4854268271702415,1.10139271250502
1.6280312226130418,1.5706971459128818
1.7264349266740364,1.2028361642570937
1.7232906572691302,2.0469213963944966
1.415037499278844,0.9214185430059603
0.0931094043914813,-0.964794954380526
-1.704544116473829,0.07071256586951254
0.4150374992788439,0.38012651393004715
1.8073549220576042,1.0065763975328754
1.4947646917495776,0.3546392897076112
0.400537929583729,0.2270440841564016
-1.0242475462466771,0.3133951730970114
-2.174774401103708,-0.7666209775541866
-0.6100534816839867,0.34345266208879854
0.4150374992788448,0.760044373084849
-0.5594274086140185,-0.6585801136183203
0.5360529002402101,0.7516605100238638
2.292781749227846,1.818536035508126
2.0703893278913985,2.1436695085377067
0.31034012061215055,0.019207012457455284
0.8744691179161412,1.0841400169764546
-0.04890960048094595,-1.3648977868499201
0.0,-1.6979779320621085
0.1375035237499347,0.2010598089357194
0.9541963103868749,1.0111001390713674
0.7062687969432906,0.6483548765013871
0.09953567355091453,-0.08824421809864497
2.155278225477911,1.895709829602508
-0.3575520046180838,0.42859855926343393
4.550746785383243,3.458645986878712
2.6907571647437534,2.0915683963139333
-4.253341009629951,-1.3820176094618524
-2.8137811912170374,-0.6106291518691704
0.4150374992788448,0.8042684432251145
-0.16992500144231215,0.33494509325968513
-0.8744691179161412,-1.2078308030883294
2.1658088929700803,2.512113357969957
0.4195388915137839,1.5481629275544897
0.8667334691365358,0.5740906057734405
0.5405683813627027,1.046299747281992
-0.6438561897747244,-0.10030176426992665
0.5405683813627027,0.22410597405949728
1.1069152039165115,1.5101275825281548
2.299560281858908,2.0351074578475217
0.10691520391651199,-0.5697145415810458
2.0356239097307216,1.428989527119425
-0.5235619560570131,-0.7878757035435919
-0.09019780897157847,0.38896988034010904
1.3479233034203064,1.2227905767396678
0.6780719051126378,0.7664292725748828
1.0000000000000004,0.6513539837911694
-0.07155326102503334,0.4556749179261656
3.5405683813627027,2.1720077956351496
-0.3219280948873626,-0.7231958630306538
1.2537565922457836,0.957935843111196
-0.6280312226130418,-0.8121048551666167
1.415037499278844,1.5054321805496407
0.8073549220576037,1.3454311420689598
2.152275274379898,3.165051979475923
-0.6248552278446695,0.019975388138688807
1.2444187276664471,1.8616906295453393
0.0,-0.3326201002513959
0.0,0.4199760539344228
0.0,0.739943983346961
0.9541963103868749,0.7329660383344262
0.8300749985576878,1.5124710063697568
6.742692205193163,4.3698021864961
-0.8556100906648245,-0.7855170623889005
0.23446525363702353,0.7055919834332569
1.1069152039165115,1.3809948265667493
-0.1375035237499347,-0.4307727176376332
-3.716207033999409,-1.4757703514299718
-0.7369655941662066,-0.9163621444613049
0.3870231231092469,1.1105881670251603
0.1154772174199361,0.10442198726467433
3.355480654598389,2.027346893854115
1.8345763907926278,0.8462771212754066
0.0,4.078498944259225
2.488747185461853,2.4575062951221054
2.8194277543581796,1.8773681089306182
0.485426827170242,0.46726229892042315
0.925999418556223,-0.024755119246395507
2.892391025913404,2.0863242005852483
0.19930880822340669,0.35403669430747464
-0.6374299206152925,0.1619230645673641
0.0,-0.7501770585106297
0.947532580105864,1.0103283028090368
-0.4854268271702411,-0.2894297871345732
1.1699250014423122,0.2836513569032185
-1.4208431209600496,-0.5135718384647479
1.7655347463629765,1.5438957843940444
0.07038932789139807,0.6990408981757972
0.24100809950379487,0.49433947859860183
-0.2995602818589078,-1.0785065412870365
0.9541963103868758,0.860334648337721
2.0976107966264217,1.4817652873198135
0.5849625007211565,0.316862245214224
1.054447784022376,0.4521884398964835
-0.7725895038969268,-0.14397618825411054
5.954196310386875,3.883958875486266
5.351675438281415,5.231267768576285
0.3048545815284216,1.1502650334647333
0.5208321633014403,0.2598688438332114
0.0,0.011191253009025792
0.5272470028648693,0.555049559237042
0.6520766965796931,0.257501081801381
1.2537565922457827,0.7734992240172721
1.9754776808659313,2.681720411998431
0.4768136968655341,-0.21392477872346105
0.485426827170242,-0.05725992311116736
-0.3785116232537291,-0.6142497891922929
1.087462841250339,0.4434038732702587
0.951090399519054,1.2537005765712372
0.23446525363702353,0.26667136124052604
0.4150374992788439,0.5550976039020576
-0.20163386116965043,-0.6236013233066963
-0.5376567859427999,0.6394656763556077
0.33703498727757175,0.7090271057014044
0.3448284969974411,1.7192516519487746
0.0,-0.757372480472119
1.6571122864769916,1.8056388555244611
-1.3959286763311392,-0.9216388647435352
0.7062687969432897,0.45905504101663275
-0.3219280948873626,-0.4055869099600966
-0.1979393776119096,-0.016686939871596824
0.5525410230287786,0.7188217788342008
3.0,2.8534174373500036
0.0,-0.8172873832408909
-1.9751966089994273,0.13245646696333577
-3.6304771599735246,-1.8688318853477321
0.6951454184715784,0.9430940236765414
0.21008552588483376,0.3850954840110511
0.0,3.2776868946294715
1.2537565922457827,0.6854851436609316
0.5431423250265288,0.7707734575438338
-0.13750352374993513,-0.7735563103266263
0.0,0.7942514526543073
1.0766212816029128,1.769916768593485
0.4474589769712214,0.37675327443207807
2.9068905956085187,2.8353468136325994
-0.6629650127224291,-0.03482821429629812
0.0,-0.16768492990015094
0.26303440583379434,0.12756605222849277
3.3219280948873626,2.3503631810279826
0.7533600324168752,0.5312365820257106
0.0,0.478449098105705
0.8744691179161412,0.7522764415999794
0.0,-0.2836578386275874
-0.5145731728297585,-0.5013883352605848
0.0,-0.38793360535827354
0.1547225947986428,0.2907743338242322
1.3575520046180838,1.9720295188293937
-0.12553088208385876,-0.2102134159578661
1.4947646917495776,1.1690064527995077
-0.5405683813627027,-0.538134631491501
1.2223924213364485,0.9656513774738852
0.0,-0.22480195580309908
-0.7104933828050148,-0.8995814881034894
6.5016841056893675,4.15277950820728
1.7328079686925504,2.421859686015758
1.450661409009565,0.7569579803419054
0.6374299206152916,0.9559181020893309
2.678071905112638,2.060275313741334
-0.022367813028454364,1.4130942574090595
0.7884958948062879,-0.40342524796702733
-0.9284467389749667,-0.6254267492738654
-0.6248552278446695,-0.06972152107628167
0.4651227307151524,1.815133755660775
1.0443941193584534,0.5732987796411051
1.3692338096657188,0.6063060798905412
1.9601072728764866,1.4081580966349172
2.0752881273042374,1.0477794802927278
1.912537158749661,1.2966356142364228
0.7842713089445628,0.44187550423676025
1.6780719051126378,1.0988157531258183
2.061400544664143,1.8012459150862297
-2.174774401103708,-0.801296995232736
0.6780719051126383,0.07970005733510531
0.0,-0.635359305664863
-0.9840584561309784,0.4959353214918237
-0.11547721741993477,0.449836485600506
0.6214883767462704,0.6979732745069244
-1.1332665308634642,-0.11943881108703369
-3.716207033999409,-1.489700108197329
-1.912537158749661,-1.0319582206651288
0.0,0.3651381233825094
0.8479969065549495,0.4297734854819186
-0.584962500721157,0.13530440536394933
0.9569312781081143,0.6816730304383922
0.0,0.37668457988801884
-0.485426827170242,-1.4189909974862809
0.4150374992788439,0.23096390808621892
-0.24100809950379443,0.09316379990697111
1.0766212816029128,0.9571476711666257
0.8300749985576878,1.4232634919771923
2.8194277543581796,2.3025169464790434
1.6229303509201771,1.460386477566749
1.0984037040609946,1.0897479953464402
-0.7045441164738291,-0.10213229922673002
1.0000000000000009,0.9401306527531516
-0.20645087746742652,0.13898271063785406
-0.28950661719498516,0.5165694344015658
3.0,2.8426281437970506
-1.5215371205795227,-0.14717313624988865
0.7369655941662066,0.3548978966199692
1.6121839694561797,1.661029686254328
-0.8744691179161412,-0.7302440212191115
0.8639384504239711,1.1899210511092255
-0.4854268271702411,0.445999541574431
3.0,2.205127183436008
-0.3312059084753738,-0.0351474316809046
2.2630344058337934,1.5509681218003792
2.415037499278844,1.6948057324597956
1.3136604789037616,2.594960974620649
0.10691520391651199,0.556209870534029
5.151309323274965,3.9536460329049268
1.1805722456418204,1.4182451595263288
-2.3471653863863855,-0.7936159070060873
-1.2439255828860896,-0.5552401625286759
1.0931094043914813,1.3051648702628855
0.07038932789139807,0.827989998517661
0.6780719051126378,0.3780885618587204
-1.1502426355806126,-0.5341622758013047
1.054447784022376,-0.47400300619135505
1.1813297647145617,1.9491050187524015
1.502500340529183,0.6560488107507819
0.2995602818589078,0.4738662723325849
3.5849625007211565,2.1395081104015725
3.5849625007211565,2.200596510223307
0.0,-0.15566774104937225
0.8073549220576046,1.1468131833488342
0.4329594072761056,-0.261375654709235
5.351675438281415,5.241126458673798
1.214124805352848,1.2507842909103841
0.4150374992788439,0.09614288295721907
-0.34792330342030686,-1.0307913256953527
-1.1053530001462288,0.9664849469283491
0.7369655941662066,0.4475575880082585
-1.0506260730699677,-0.020094731033673208
4.764286200165719,3.805844013977995
1.6559290220752994,2.3445596100327837
1.4505797647413612,3.535169085811744
2.0297473433940523,1.3336842670723459
1.8639384504239715,1.2357110621458276
0.3448284969974411,1.678215511251302
0.0,-0.14988963981155298
2.206450877467427,1.9797608566573532
0.0,0.4310263274515266
-1.887525270741588,-1.3780080837466757
2.20212382383046,3.6440157880778012
0.0,2.2380154328688
0.2630344058337939,-0.2595732422874504
-1.7776075786635523,-0.660153238589523
0.5525410230287786,0.6598788033258517
0.0,0.2862157456445242
-0.5849625007211565,-0.26326439930520573
1.0159415438690216,1.1092010512212684
0.33703498727757175,0.6809082549385511
0.0,1.3941094208991682
-0.362570079384708,-0.5189752537327953
0.0,-0.7865682376481282
0.5910990265231071,3.3731839651546838
-2.1413558492455413,-1.041974131094425
2.9068905956085187,2.8941897360659423
0.6026645024546156,0.4560664589073466
0.584962500721157,1.3073311429903622
-0.10691520391651199,0.03862708500976314
-1.7041342016988343,0.04894446742972487
-0.5525410230287786,1.354758965365898
3.966391607357181,1.0672654971287683
0.2995602818589078,0.5241121487209077
-0.32681031626710855,0.296301953554047
1.4947646917495776,1.067821620560193
3.862273820945836,3.8586435559465775
0.0,0.7077073399028745
-0.022367813028454364,1.5194475293856078
0.903784684740697,2.302243968892122
0.5405683813627027,0.022167779441422564
1.4854268271702415,1.2190036256657948
0.4150374992788439,0.20745837360017594
-0.7224660244710908,-0.14947179027460156
1.2106019777547647,3.993640647321337
0.0,0.6201459612871212
0.5618788876081151,0.13847822943951144
0.3048545815284216,0.1482806010539959
-0.17508670655809144,0.5208871574307945
-0.11547721741993477,0.4965592056963323
1.1255308820838597,1.2190513893730328
1.3320760502634448,1.6113399799057855
0.7589919004962051,-0.04577845695255145
0.0,0.41260013890280534
2.0,1.2815926139634917
1.3275746580285048,1.6144678427368586
0.9759143814756879,0.6397434657629226
1.0984037040609946,0.6198819408094878
1.0984037040609946,0.9248520019790496
2.4863986662375677,1.5275857044364394
1.4232114307245443,1.3517098736133697
1.2223924213364477,1.3103352126755659
-0.4043902550793357,-0.024954774066957043
3.0,2.968164752629824
1.1805722456418204,0.680539615639056
0.7842713089445628,1.3437033696505882
5.129283016944967,3.125304271016731
3.4474589769712214,2.7003388346941075
0.8624964762500653,1.851380821692106
-0.5849625007211561,-1.1962402330397126
-2.4947646917495776,-1.7364486248385347
0.9541963103868749,0.7744379324655151
2.4069641987431627,2.0086759722083807
1.1375035237499351,1.1095564695483773
3.5849625007211565,2.290834049314065
0.4854268271702411,0.17201403261343906
2.048909600480947,1.753368714188976
0.0524674198941355,0.24266756626072816
-2.8744691179161412,-1.8130990058075407
0.6918777046376685,-0.04114425214912658
1.0931094043914813,1.3057316432696302
-0.4854268271702411,-0.3879775917421109
-4.253341009629951,-1.2990621615783517
1.7655347463629765,1.63691911222437
1.2274104961030723,0.915755000286347
4.643856189774725,3.30527896974829
1.054447784022376,-0.428488610181746
-0.2995602818589078,-1.0042647824277422
1.4947646917495785,1.283597615142052
0.5849625007211565,-0.17775350737587145
1.2444187276664471,0.5762378939321076
-1.9634741239748865,-0.19000544142810782
1.087462841250339,1.3670315569301235
0.0,-0.17329304941497156
-0.2223924213364481,1.1788703738176363
0.6023445789493929,0.9135996243182454
-0.25153876699596367,0.10629909688100314
-0.9098021910284215,-0.045946688934253396
-2.8073549220576046,-0.3485721859346511
0.0,-0.28122696707063
0.19930880822340669,0.3336942855003344
0.485426827170242,-0.0816694888052684
4.764286200165719,4.0565250170703395
0.917537839808027,1.256563348805727
3.4474589769712214,2.78243755312172
-0.5052353082504224,0.027876166077024922
0.951090399519054,1.1886323767747464
0.485426827170242,-0.25768530061590555
-0.023586820317616386,-0.04476621219979413
0.43063435432986186,0.2498572984234284
6.742692205193163,3.756447744066147
0.3923174227787607,0.17904462124720175
-1.3575520046180838,-0.3795020877972559
5.129283016944967,3.08012676172286
0.4150374992788439,0.42300354652019445
2.087462841250339,2.2135434469854123
0.18641312423088152,0.20827159352884014
0.33703498727757175,0.6537266489666138
0.8845227825800648,0.8837131194989978
-0.362570079384708,-0.3242893410364789
-0.5267478867758602,0.4693478077597493
1.4594316186372973,0.24304545974334701
2.0752881273042374,1.0514421837430632
-0.7104933828050148,-0.9629341334986119
0.7884958948062879,0.9702914877360986
1.4947646917495776,0.6904049468584972
-0.6918777046376685,0.14030993388796165
0.5849625007211561,-0.1545400578806424
0.361336479445598,-0.1515999533942859
0.8744691179161412,0.7976808422173501
-2.8137811912170374,-0.661559180410981
0.7548875021634682,0.9115268338707107
0.0,-0.23013612814415452
-0.8744691179161412,-1.1242628731001165
0.0,-0.1071122504707781
1.4854268271702415,1.6621090387381323
0.6291623046316914,1.413784584800177
0.5405683813627027,0.7425627953011325
1.4947646917495776,0.607687381245349
1.1805722456418204,0.6726359110884818
1.7078192485066896,1.214893492068115
0.903784684740697,2.246170588129572
0.24511249783653177,0.2913289984678154
2.299560281858908,1.9598219950847868
-0.04580368961312509,0.4927625577749699
-0.6248552278446695,0.03861028033331584
2.0443941193584543,2.6175969708166424
-0.5235619560570131,-0.7924781384144993
0.0,0.942897351096956
0.361336479445598,0.4759397360506473
1.3692338096657188,1.994979399813142
1.912537158749661,0.9354421124835934
1.1069152039165115,1.4234856378162157
0.25929200414797826,2.863029189399706
-0.07155326102503334,0.1840443210887307
1.280107919192735,1.2743164001318381
0.0,0.3077991752610481
0.7842713089445628,0.36668494124920537
-5.314314910777487,-1.9241306709743857
0.7198920808072646,0.42531014623547175
1.3692338096657188,0.29183741940615604
1.2444187276664471,1.6725601044609117
-3.716207033999409,-1.4777046722981
-0.24100809950379443,0.01865416925617348
1.0766212816029128,0.9853422527888807
0.0,0.028054846013187085
1.0000000000000009,0.8655972858575737
1.0473057147783562,-0.4345476964073618
0.0,2.0582020024433003
0.613645255425241,1.7739349628601462
-0.3785116232537291,-0.6698503620589398
1.2223924213364477,1.4137424254654367
3.1813297647145613,1.5886477155752843
1.8345763907926278,0.7362007006678091
-1.0588936890535683,-1.0534784264457142
-2.4947646917495776,-1.7166052200101232
0.9541963103868749,0.6451693841317605
2.659730269123129,2.6335591485634327
-1.2439255828860896,-0.8740255567631623
1.6780719051126378,1.4178215418878293
-0.24100809950379487,0.10152045875400095
1.8744691179161412,1.7411260480681854
0.9289169019385177,2.25189725164287
2.0356239097307216,1.3851357040979635
0.24100809950379487,-0.3883006455073732
1.415037499278844,0.7860528130859121
0.5405683813627027,0.24624553762053847
2.9360369412680347,2.6638610834573373
-0.562936194391157,0.42833269482578407
0.0473057147783571,0.6126328835661615
0.6322682154995132,0.9520763917061392
1.4947646917495785,1.1964166860187415
1.2274104961030723,0.8823195684530947
0.0,0.23966593656484206
-4.105534414172357,-1.7592134748797148
0.400537929583729,0.3995680445591782
0.0,0.3976873456617137
0.22239242133644765,0.5931936305520386
2.596367263993405,1.617710808046234
1.8639384504239715,1.2387971095783048
1.0703893278913985,1.7309579149507646
1.087462841250339,1.4778184414733282
0.8479969065549495,0.1450425977347719
-0.2223924213364481,1.112300312516029
3.7425037777076358,2.7728000252089897
0.11103131238874386,0.054982817574566245
0.6023445789493929,0.9200641088051991
0.15200309344505047,0.29004379438472566
0.7884958948062879,-0.15957822430746793
-0.9278502142441649,0.5630062993950515
0.0,-0.11366619792160779
-1.1636660109706298,0.3986104741445534
-0.08488889758651297,0.2368709994073032
1.9754776808659313,2.6738583723475378
0.12553088208385876,-1.1256190291682273
-0.04439411935845339,-0.03788216440088213
0.485426827170242,-0.06860605950002878
1.6559290220752994,2.2916871081766153
1.4505797647413612,3.293039281535651
0.16046467219324612,0.11659017923190262
0.951090399519054,1.2415165502051908
0.4680447489420061,2.4212051636245238
2.415037499278844,2.432084304062532
0.4854268271702411,1.1145382868120655
0.4150374992788439,0.7618263959610949
-2.0443941193584534,-1.8881682681772567
1.0740005814437774,1.9635469392029852
-0.4150374992788439,0.4642714756627543
-0.8981203859807865,-0.4005486362553923
4.866248611111173,3.445228713491482
1.7224660244710912,1.3979441270101054
0.0,0.22158386835995253
1.5525410230287786,0.691015924878615
0.18641312423088152,0.2993735718715731
0.19264507794239583,-0.1118955628019398
0.0,0.23789115015976817
-0.12553088208385876,0.0687978920525363
3.764286200165719,3.4406644144476384
0.8981203859807865,0.7225284711796557
-0.1397247636666128,0.4820571615121137
-0.3818706353436445,0.82405914556965
1.3923174227787607,0.7754243249202768
0.3131578852596304,0.27294210773674005
-0.7104933828050148,-1.0147049722056778
-0.19264507794239583,-1.13771221753881
0.6026645024546156,0.4744763323359091
1.6280312226130418,1.4959873831038102
-0.44057259138598104,-0.9663473648594255
0.7369655941662066,0.427491085609762
0.1375035237499347,0.3879035389307155
1.2223924213364477,0.9059605438576852
3.3219280948873626,2.3011087587227084
0.361336479445598,-0.11726122015992792
3.5849625007211565,2.086018664281113
-0.547487795302493,0.3478731943205984
0.7136958148433594,1.161273265007075
-0.37851162325373,-1.3791380702636036
0.15488560197817147,0.6852537189827793
-0.9328858041414634,-0.4948588970872537
3.192645077942396,1.348802277438809
0.13750352374993513,-0.24360603333206887
0.12553088208385876,0.35005319734011464
-0.4150374992788439,-0.14398350999621704
1.450661409009565,0.8432652897742777
1.6322682154995127,1.9009919262775266
1.7951802081115025,1.364810852944401
0.34792330342030686,-1.4219163669119106
0.4651227307151524,1.7437795113423398
6.06216882108643,5.505376315105856
1.2537565922457836,1.1569254629302623
1.1069152039165115,1.3949635679632872
0.12553088208385876,-0.44685716268412334
-0.34792330342030686,-1.1104610416855993
-1.1699250014423122,-0.25876402081469707
1.415037499278844,1.4344386787479757
-0.8624964762500653,-0.24326389813967042
0.7589919004962051,0.9824060561366997
-0.11547721741993477,0.41684882742288165
0.8339900485610707,1.354649206951716
0.6731896837328915,0.21368152476225094
0.485426827170242,-0.2774223488665071
1.7655347463629765,0.9557004444284342
1.3479233034203064,1.078704129775653
0.2223924213364481,-0.5756730926412403
0.8300749985576878,1.4164898579838825
-0.6629650127224291,-0.8932830685398885
-0.8556100906648245,-0.9799755162404418
0.7589919004962051,0.45852357524337306
0.0,0.009934283391570542
2.4863986662375677,1.701294255556901
1.0297473433940523,1.5934858613569491
-0.055141554192460696,0.3955835211118694
-0.28950661719498516,0.38979538339188646
0.9284467389749667,0.4751343813585528
-1.5215371205795227,-0.20052069114983154
-0.3785116232537291,-0.7258578185809985
1.6322682154995127,1.143864656060511
0.8639384504239711,0.9589509303571261
1.4195388915137839,1.639241129148756
-1.506959988719883,-1.5374707673525654
0.0,-0.32440988441029595
0.739848102699328,0.7185298842060301
1.3479233034203064,1.2210319575475166
1.1805722456418204,1.582009918078055
3.5849625007211565,2.230203802427714
0.5405683813627027,0.18781408637991703
-0.45720695352278273,-0.1573763137202162
-1.1053530001462288,0.9861705336870165
-0.562936194391157,0.41954472348168204
0.0,-0.06764655991261947
1.9757524537533229,-0.0068511763793168015
2.292781749227846,1.6835456415171548
1.0931094043914813,1.407844114406733
0.15488560197817147,0.8182980660073181
-1.4208431209600496,-0.6947535505690434
0.09019780897157847,0.38056463963024134
4.750771393691236,2.527879359270622
5.447236321666992,3.516553918902888
1.054447784022376,-0.4436159403626002
-0.362570079384708,0.1232161957120439
1.1699250014423122,0.6158582644978615
0.8845227825800648,0.5520388446395683
1.3692338096657197,1.4438528927185788
5.392317422778761,4.203134624252465
0.7884958948062879,-0.15694118673766244
0.6780719051126378,0.34408535533910234
0.24100809950379487,0.1739067579583653
-2.8073549220576046,-0.4248859205210248
0.44057259138598104,-0.4963018922452281
0.0,-0.6506422272136102
-0.23446525363702353,-0.26328322539250815
0.6780719051126378,0.5308767404925605
-0.34792330342030686,-1.058154538734348
1.0931094043914813,1.5087253041325162
-0.7004397181410917,-0.9015815087916029
0.9663168737437111,1.4018270382038533
0.36257007938470753,0.15815861913708648
0.917537839808027,1.235738489128253
0.0,2.0959090178231357
-2.839327311795884,-0.2358587275918895
-0.3219280948873626,0.0218010535228379
0.16046467219324612,0.08190302329354049
1.485426827170242,0.9290651309976504
0.4680447489420061,2.5807184149278615
0.4150374992788439,0.5568249341737468
0.5145731728297585,0.8877731043847933
0.485426827170242,-0.19235611722547707
0.24100809950379487,0.32532992157739793
0.6374299206152916,0.8905786414713439
0.13750352374993513,0.007550643288780273
0.7589919004962051,0.9166691185730579
1.8073549220576046,1.5244021448776839
1.3598959450863832,1.1992510768392808
1.6520766965796931,1.0160624776843805
0.0,1.2272645780929565
0.4150374992788439,0.4045388569226249
0.24100809950379487,0.6299923274865576
-0.6166713604484944,-0.2634589561142508
6.199672344836365,6.194818414350843
0.4854268271702411,1.0572407007866715
0.23446525363702353,0.6234351524525508
2.7369655941662066,2.339895358572485
0.8845227825800648,0.856541372739432
1.1699250014423122,0.6659194557552057
-1.5052353082504215,0.06643153688243965
-2.023083613113042,-0.7665252374922988
4.743391863325639,2.8068450698586886
1.6322682154995127,1.5271363998644438
0.09953567355091453,0.02879891174170951
0.0,-0.02050948029930605
0.8744691179161412,0.7623711190799124
0.0,-0.2216770220192218
0.7136958148433594,0.9001470216607234
0.0,-0.36056513291864367
1.2630344058337948,1.0066057735026328
-0.16992500144231215,0.4284576291654286
0.0931094043914813,-0.4501960783707344
6.742692205193163,3.769131644997232
0.6291623046316914,1.3698459229720974
0.0,-0.30885749097247733
1.4863986662375677,2.0104722631698313
-0.3677317845004868,0.40310870769969226
0.5405683813627027,1.0557063672128975
1.0703893278913985,1.592920444122829
0.0,0.5027692339524485
3.9835118772114306,3.689648460194899
0.3219280948873626,0.7258542637796827
0.44057259138598104,0.6893959123289817
0.0,-1.0117910466158444
3.966391607357181,2.5578301814206164
2.752072486556415,1.3686031661906954
1.912537158749661,1.0371437976024616
0.7842713089445628,0.36785633919395766
3.5405683813627027,2.1059182863286017
1.6780719051126378,1.1529171629810693
1.415037499278844,1.336842307173923
0.3048545815284216,0.12030772228924087
0.9306607959260855,3.493339635064713
-0.24511249783653177,-0.13262805046043
1.0000000000000004,0.8797884304297008
0.4150374992788439,0.3422782737567279
-0.9840584561309784,0.3129975334959611
0.6214883767462704,0.884538142393029
0.0,-0.33277626321528103
-0.16175106999661182,-0.03095511560110407
1.7224660244710912,1.2029563732339736
0.0,0.4292295142053724
1.4474589769712214,1.3744043514621886
1.6322682154995127,1.840958573615003
0.8300749985576878,1.3600621914650408
0.8073549220576046,0.37527204544336623
1.6229303509201771,1.4556043548164306
0.6646513893503156,0.28247448025312394
-0.055141554192460696,0.4148601697975443
0.7369655941662066,0.5710876896795116
1.1255308820838597,0.8585444726822711
-0.1375035237499347,-0.2778541330932835
3.0,2.930457166396692
1.3667823306716231,1.8961452192511774
-2.4947646917495776,-1.8020725281446424
0.24100809950379487,0.3598551477180328
0.7884958948062879,0.6543518088613712
0.9289169019385177,2.200436592452239
-0.44057259138598104,-0.8818047819679466
2.0356239097307216,1.3608923738497543
5.151309323274965,4.0710390486983385
0.6629650127224291,0.03353000135040518
-1.4208431209600496,-0.6070546837963428
0.1671099858352587,0.6758147915694466
0.14684138832927118,0.7363661185736113
0.0,0.23391213025246038
-0.19264507794239538,0.2994955790676241
-1.1502426355806126,-0.4735644338881175
0.19264507794239627,-1.109194097266745
4.643856189774725,3.570760112455166
0.6322682154995123,0.5488641285881904
1.4947646917495785,1.3537434461723974
-0.04182017569462726,0.36876884389690767
2.8194277543581796,2.180494512562438
0.0,-0.11972138518101927
-0.8231222379159209,-1.4679401074967138
5.954196310386875,3.8475103857159025
0.6780719051126378,0.7177374367103535
0.3870231231092469,1.0523090729970297
1.0984037040609946,0.716307951080938
0.4150374992788439,0.1439965449988707
-0.23446525363702353,-0.15205587446096272
0.0,-0.34783701347601487
-2.839327311795884,-0.1862971738480601
0.8073549220576037,0.09469260660687341
0.0,0.3363023296394935
-0.09019780897157847,0.1178534980431285
2.596367263993405,1.7129490219113666
0.6374299206152916,0.9574347329956158
6.742692205193163,3.564857570827673
-0.9284467389749667,-0.7204007033023677
1.7224660244710912,1.038112797060771
0.0,0.5291179014792531
1.6571122864769916,1.8776100796275683
0.3923174227787607,0.15435772124685482
-0.497499659470817,0.4298759772926794
0.44057259138598104,0.25380123258306764
1.5525410230287786,0.8179143991173918
0.7062687969432897,0.5777922098980623
1.6322682154995127,1.0557967698675879
1.4947646917495776,0.5094668407582679
-1.669851398307669,0.056293388993290956
0.5525410230287786,0.7558245602976968
0.3014297845708045,0.9626181478278042
-0.12553088208385876,-0.1423858342013562
3.2064508774674265,2.475629463340771
0.34792330342030686,-0.6639074063306569
6.880195728943098,4.112602372587209
2.7369655941662066,2.2759927461057856
0.0,-0.7400677718298134
0.7842713089445628,0.7525725882007357
1.7520724865564148,2.121721897664477
1.1255308820838597,0.40873235786053624
1.0752881273042378,0.979682071684868
0.6918777046376685,0.02980258655722117
0.0524674198941355,1.2053489432973525
1.087462841250339,1.8432460414718188
0.26303440583379434,0.08930170656655965
0.09953567355091453,0.044283082469731755
0.7548875021634682,0.9012983917296153
3.966391607357181,0.8452095303201098
-0.12553088208385876,-0.1281373850478266
-0.37851162325373,-1.2801153972366
1.0761716804854045,2.5685715034815786
1.8981203859807865,1.619506416412594
2.350497247084133,1.2580541010345456
0.31034012061215055,-0.4621296852596933
0.728697978182606,1.3178260452758717
-0.12553088208385876,0.16075318747898693
0.6623045892543207,0.8172946071089928
0.24511249783653177,0.23808778174363932
1.1420190048724281,1.7250382183022197
1.4854268271702415,1.186009879919456
0.0,-1.0274886107034742
0.0,0.9869038094686842
0.361336479445598,0.4926928226615057
1.865070419913891,1.3437736534766664
-0.7004397181410917,-1.3479990202682033
0.19264507794239583,0.09116075051289296
-0.3219280948873626,-0.702826750313714
-1.1069152039165115,-0.9583241918585482
0.9306607959260855,3.3786760758731225
0.7589919004962051,0.9598583593273335
1.782562460606317,3.040378917451858
-0.9840584561309784,0.32690349046313566
2.476438043942987,2.518894406486214
1.7264349266740364,1.571301661123341
0.07038932789139807,0.6813387065032156
-0.584962500721157,0.0794373386978127
1.3320760502634448,1.5786641720191987
1.0766212816029128,0.886096073621427
2.884522782580064,1.982742955307752
5.392317422778761,3.1002220042490882
0.061776197586690174,0.8578213455551909
-0.3219280948873626,-0.43773476344240736
2.4863986662375677,1.5380589348908384
0.1740293997750486,1.1911654876381863
-0.5849625007211561,-0.5750675053959596
1.0297473433940523,1.639101121492109
-0.10691520391651199,-1.3090991654452901
2.3074285251922477,0.9340911619007588
3.355480654598389,2.1596928340250106
1.1255308820838597,0.7445423967030466
-0.2801079191927349,-0.7700937761747022
3.0,2.408013144427609
3.0,2.976452800833138
-2.4947646917495776,-1.667378561728428
-0.16992500144231215,-0.8673557175107031
1.6780719051126378,1.1527406077983369
1.4069641987431627,2.1010589578668233
0.8624964762500653,1.9642543240278998
1.415037499278844,0.9737268715306712
0.5405683813627027,0.2875859715064446
2.048909600480947,1.798838468290975
-1.624490864907794,-1.3367595114043276
0.6322682154995123,0.15456632632775813
0.6918777046376685,0.004098999954627779
1.7589919004962051,1.284252584573336
-0.4854268271702411,-0.41249648890087887
0.15488560197817147,0.822063942976059
-0.2115041051937121,-0.7070241880419429
0.34792330342030686,0.10947294038485134
0.22239242133644765,0.6935866608523802
2.8073549220576046,2.7350648970130353
-0.768184324776926,-0.4211747906850419
0.0874628412503391,0.01340718664893985
0.0,-1.0549217226320766
0.3219280948873626,-0.10666244255708981
0.9951506003386053,1.820664021780988
0.547487795302493,1.039697355485674
1.087462841250339,1.3997587647304282
1.1699250014423122,0.4516761749208479
0.8845227825800648,0.5794401165221104
1.9757524537533229,0.5947268946332896
0.6780719051126378,0.2971242888407013
0.0,-0.2625779739861942
-0.14438990933517548,0.06154354284130692
1.9754776808659313,2.816826755757088
0.0,-0.4842991845753938
1.4947646917495785,1.2649238515637982
0.36257007938470753,-0.18921791321568657
0.0,2.1216021950331396
1.6559290220752994,2.42340036200157
0.16046467219324612,0.05599481143696483
0.07800251200127306,-0.4448933982581531
0.4680447489420061,2.498214527906309
0.925999418556223,0.9755176141483934
0.3048545815284216,0.036217059215345765
0.24100809950379487,0.33041268293109627
3.0995356735509145,1.9058944741654467
-0.07400058144377741,-0.9731598638880241
0.19930880822340669,0.47345971948624405
0.28010791919273537,0.4745249659974849
1.4947646917495785,1.269867981812237
2.529253068134868,2.5263729397364916
0.0,2.609773338687509
0.7062687969432897,0.5192843379330168
-0.3219280948873626,-0.37665899940492037
-0.1979393776119096,-0.11984038756361638
-0.8073549220576046,-1.2292681460459112
-0.12553088208385876,-0.08975010277985977
2.8194277543581796,1.9942479301275948
3.4474589769712214,2.4091315508129667
-0.8813555035013811,-0.635221492367428
0.34792330342030686,-0.5837608386115655
0.09621531525930305,-0.14531048287252787
1.352301743930881,1.3776279018465245
5.614709844115208,6.228554474184067
0.5360529002402101,0.8276242988659057
1.8073549220576042,2.1983948202007286
-0.4854268271702411,-0.887137713944701
0.6026645024546156,0.43771510411759085
1.0473057147783562,1.4463327625068367
1.4947646917495776,0.364582265933327
0.584962500721157,1.2563502940038695
1.4947646917495776,0.7487046033064613
-0.18442457113742705,0.10617620261645709
0.7842713089445628,0.6704162328078349
4.550746785383243,3.3753426781166795
1.432959407276106,-0.6144405360511868
1.1375035237499347,1.0915180096752723
0.23132554610645517,0.4144247269165363
-0.16992500144231215,0.4690200566241338
6.742692205193163,4.3371153549108
1.5808463922489242,2.5790434041823707
1.0761716804854045,2.2585149881940096
1.6780719051126374,1.847851346497534
0.0,0.0422425444969593
2.0,1.9491236479523257
2.678071905112638,2.1388019242295857
-0.5849625007211565,-0.6175500252478348
0.0,-0.7217076742036339
-0.6248552278446695,0.23622345638294226
5.151309323274965,3.3402766471059984
0.24616058726939727,1.4202904590055683
1.054447784022376,0.16011677050581785
1.865070419913891,1.4214018236813206
1.0000000000000004,0.7068398221139259
-1.0000000000000004,-0.6793647047241329
1.5525410230287786,1.1856500985404654
6.742692205193163,3.9858570044173014
1.280107919192735,1.3435627011184021
-0.34792330342030686,-0.9478026893373745
0.1375035237499347,0.5496429752031546
0.6780719051126383,0.917020568478795
-0.8624964762500653,-0.4208259394456828
0.07800251200127306,-0.16409440181193613
-0.3410369178350665,-0.4691564145620963
0.5618788876081151,0.0856616748702412
1.3575520046180838,1.1735255072692836
0.0,-1.0037924606365922
0.8744691179161412,0.882122620675164
1.1255308820838597,1.1379655607500694
-0.2863041851566406,0.37118649582790797
6.742692205193163,3.986883970415148
0.7589919004962051,0.3037194776683257
0.6780719051126378,0.3499609876919535
3.6438561897747244,3.7060575883008697
0.5849625007211565,0.15635458217386636
0.19930880822340669,0.44538543668248776
0.0,2.020425331349761
2.212993723334198,2.0920295420132176
1.765534746362977,0.84853795940955
1.3692338096657188,0.7115459466832874
0.7369655941662066,0.5021997621651251
-0.3219280948873626,0.11929997827270611
-1.0588936890535683,-1.0493008652817908
0.8624964762500653,1.944268995119865
0.24100809950379487,0.4134613331925085
2.4069641987431627,2.350829391761477
0.9289169019385177,2.2877630448398367
-0.19264507794239583,-0.02377463382770495
1.415037499278844,0.8658869125582671
0.6780719051126383,0.2761264803422606
0.5405683813627027,0.32351010723847173
0.4854268271702411,0.04543621875446663
2.892391025913404,2.243490223067204
-0.2801079191927349,-0.5814119716591631
5.529820946528696,3.69978403232927
-0.04439411935845339,-0.06230284262726998
-1.0641303374197157,-0.9091734843248221
0.5618788876081142,-0.32917186987451696
1.1805722456418204,1.2362235324241289
0.947532580105864,0.7279707540754581
-1.1332665308634642,-0.3714002868670512
-0.19264507794239538,0.37949586072988206
0.485426827170242,0.22305048628576385
1.8639384504239715,1.3345669446440864
3.0,2.3011400315496826
-0.768184324776926,-0.3315548580985581
1.912537158749661,1.4175421268148634
0.7548875021634682,0.8847074185754908
0.9951506003386053,1.785460636627728
1.054447784022376,0.6455028939075775
-0.9278502142441649,0.5215272388164647
1.6974372299795686,1.613242862245849
0.0,-0.0819662842271534
-0.34792330342030686,-1.1803373915729203
1.6559290220752994,2.3896009402702845
1.6322682154995127,1.6624834951864056
-0.19264507794239583,-1.7288001120539256
0.0,0.2922168285220631
1.7655347463629765,0.5924472566402462
1.4069641987431627,1.6443370932198382
-0.8981203859807865,-0.5215131663168724
1.6280312226130418,1.4037075434356703
1.6229303509201771,1.4508887999074633
1.3598959450863832,1.2143689799552058
2.20212382383046,3.203782161754357
-1.704544116473829,-0.12385994525204927
-0.3219280948873626,-0.47552750028705115
-1.227535724612408,0.5099120389079902
1.9360369412680347,2.717608042057209
0.18641312423088152,0.10719805360402168
0.0,0.2642880663495438
1.4594316186372973,0.8488752020729213
0.8981203859807865,0.7561030012301843
0.0,3.3590949680936597
0.0,-0.2224416452594582
1.3692338096657188,0.629669935964053
-0.2479275134435852,-0.3548527022925496
0.5910990265231071,2.9713712575646256
2.0703893278913985,2.1376736929676463
-0.4854268271702411,-0.9205326252461399
2.9068905956085187,2.996553669089926
-0.1154772174199361,-0.07043343347629949
0.6026645024546156,0.4950580615715343
6.06216882108643,4.734726954921961
0.0,-0.3775341202721987
1.4947646917495776,0.4282845202334462
-0.10691520391651199,-0.026876641446882343
0.6322682154995123,0.11116527557823908
1.4195388915137839,1.6761816944295493
0.7842713089445628,0.5697343184830748
-0.4150374992788439,-0.8331467306849069
-0.5525410230287786,1.5798498598003603
0.0,-0.43893128024581785
-2.1413558492455413,-1.0972326945196609
0.2479275134435852,0.10191808530111968
0.0931094043914813,-0.5077169672174903
0.1154772174199361,-0.3132513455217827
1.1096244911744986,1.613276763938828
0.7062687969432897,0.08693343147098123
0.5405683813627027,0.6569638843679204
1.1805722456418204,0.6915216505574306
6.5016841056893675,4.222255915295838
1.7328079686925504,2.271439970655455
0.728697978182606,1.3366628149075706
0.0,0.6210166624396607
-0.7776075786635519,-0.7483160720837903
-0.2801079191927349,-1.400793020090707
5.529820946528696,3.616337790463302
0.12553088208385876,-0.4030002301609691
-0.6280312226130418,-1.0734593217247004
1.415037499278844,1.4102190346392054
6.295233228221941,3.8263128302568346
5.714245517666123,5.634355440033779
0.6214883767462704,0.8527196465807254
2.476438043942987,2.3601958095023594
1.0000000000000009,1.0987241647904642
0.0,0.530464898196803
3.1813297647145613,1.4962285370591621
-1.295455883526171,-0.8448084844950692
-0.6629650127224291,-1.132029035833151
0.061776197586690174,0.8484698963472346
-0.16992500144231215,0.02100096742275248
0.0,0.6240409660571771
1.4232114307245443,1.2813097624273329
0.0,-0.4457571996034513
0.5849625007211565,0.2080328158287042
6.199672344836365,5.295906366997511
0.3870231231092469,1.0809544003119855
1.6918777046376685,0.813189410997238
0.8639384504239711,0.9894424176980541
-0.3312059084753738,-0.20624352552021344
-2.4947646917495776,-1.8944016534315087
5.266786540694902,2.6130352484088677
2.659730269123129,2.583448302642104
0.0,-0.19113407993984333
2.085391491230644,2.633821400942193
0.6780719051126383,1.0928676401202122
2.048909600480947,1.853719883108555
-1.624490864907794,-1.2761541713280833
1.0473057147783562,-0.43341817368325897
1.9757524537533229,0.021278885637915856
0.584962500721157,0.7648606076928999
0.947532580105864,0.9209411693592413
1.4947646917495776,0.5571876626270964
1.971985623830403,1.9043668298531542
0.49749965947081787,0.10684603088460465
1.502500340529183,0.7304967972873397
-0.5145731728297585,-0.5439985355453172
1.2444187276664471,0.5667637206885643
0.485426827170242,-1.0188159070408835
-1.4594316186372973,-0.9298772973965405
1.8345763907926278,1.6969449911667247
0.9951506003386053,1.7107073737193499
0.14684138832927118,0.8518825552527027
-0.15241523315386374,1.6839194797889883
4.764286200165719,3.7073242313159502
-1.4947646917495776,-1.2492580722359579
2.350497247084133,1.971691607038632
0.6780719051126378,0.6567124754813021
5.392317422778761,4.173244922667747
0.5405683813627027,0.5991095866137398
0.6780719051126378,0.4744076615634759
-1.1053530001462288,0.9157496944134182
0.47643804394298694,0.45385573959403425
0.8667334691365358,1.1532366647286176
1.087462841250339,0.3155950496759023
-2.839327311795884,-0.23766077788191817
0.0,0.3203390983231709
3.7425037777076358,3.522136487254402
1.0740005814437774,1.689832914205172
-0.8395353278067539,-1.3193455102390477
1.4854268271702415,1.71114286016761
0.19930880822340669,0.40038865110449573
-0.5360529002402092,-0.2218464191482179
0.24100809950379487,-0.2651938658528148
0.7062687969432897,0.5233826572521225
0.485426827170242,-1.1261099973104167
1.9360369412680347,2.468897771419356
0.7631080089684374,1.8642897599033823
0.400537929583729,0.30275639362641427
0.0,0.29356130871912617
-1.9751966089994273,0.1710008189522088
0.900464326449085,-0.11489909523781446
0.0,0.4613507583274486
0.23446525363702353,0.586463632255741
6.880195728943098,4.283449147211018
1.3479233034203064,0.531240853534329
1.7520724865564148,2.0494665970970893
1.8073549220576042,2.3549954610520123
2.4232114307245443,2.3412598117910886
0.6918777046376685,-0.024896629227811336
0.6026645024546156,0.4459938328881122
3.2882449686310733,2.608159139222983
-1.1069152039165115,-1.422576626615067
0.5618788876081142,1.2870527774792548
3.236339539168373,3.0273714276111243
0.0,0.4098029379159514
1.4195388915137839,1.797708109633995
0.9541963103868749,1.1620450579963317
0.7533600324168752,0.5434820406015803
4.550746785383243,3.435901692236393
3.966391607357181,1.0945663353715118
-0.32681031626710855,0.2879788212864823
1.3575520046180838,2.0819347141254108
3.4037221860510094,2.4040955476044847
0.4195388915137839,1.5690099261309651
1.971985623830403,1.52125634758167
1.3692338096657197,1.0717026405114705
-0.9328858041414634,-0.48758615404966965
0.8339900485610707,1.3152987013653807
1.6780719051126374,1.8367914531072993
0.4150374992788439,0.2345309893126639
2.4232114307245443,1.7347946848263216
-0.6438561897747244,-0.10849936697993634
0.903784684740697,2.353245609854646
0.44057259138598104,0.8571421562751199
2.0356239097307216,1.2405784759336862
0.4150374992788439,0.22037791524283257
5.151309323274965,3.148225750531217
0.361336479445598,0.44979900274420404
0.25929200414797826,2.4007496569116644
1.2537565922457827,0.8255020443666322
2.5226437243250137,3.0618970119778273
2.061400544664143,1.8616743222847445
-0.3410369178350665,-0.46837272394730944
-0.11547721741993477,0.49707328774802123
0.20645087746742652,-0.15767235937481147
0.8744691179161412,0.9912695885187874
0.07038932789139807,0.83820601556128
1.2344652536370235,0.7791547476995914
1.2931963763440457,2.577057491305507
0.0,0.7021271184371172
-0.4150374992788439,-0.41981661868790676
3.6293566200796104,1.7895695344716875
1.5126482959052652,1.4150021749854587
4.266786540694902,3.2083268223130057
0.6646513893503156,0.3005190489343412
2.2976805486406855,2.5644813630351972
1.4232114307245443,1.2355035648589516
0.0,-0.616300314013251
1.4947646917495776,0.8623139010717296
2.212993723334198,2.1268644986211704
1.8744691179161412,0.8137809371742083
1.765534746362977,0.7227241218949608
3.0,2.9490995654657057
3.355480654598389,2.262869835993868
-0.3785116232537291,-0.5562518853096288
1.6121839694561797,1.7492440193095415
1.3667823306716231,1.918660900813543
-0.5849625007211561,-0.048936316865953455
1.1375035237499351,1.0281987733696705
0.9289169019385177,2.143484189733633
0.6374299206152916,0.9012720956374612
0.8624964762500653,0.8586633786798217
-1.624490864907794,-1.1536890781117748
1.0473057147783562,-0.46666389710451606
0.0,-0.518623728261257
0.6674246609131291,0.4333114549642798
1.045803689613125,1.3363415324687606
0.15488560197817147,-0.4392451288161778
-0.19264507794239538,0.47387812574061394
-4.105534414172357,-1.6876174972405225
4.750771393691236,2.4766439890287826
0.24100809950379487,0.421623755143549
1.054447784022376,-0.3975546851029268
-0.938599455335857,-0.8260710699445415
0.3923174227787607,-0.07082686675592863
1.087462841250339,1.489162897129359
1.1699250014423122,0.6718252786523913
-0.15241523315386374,1.666672627121562
2.350497247084133,1.8239124360280974
1.6280312226130418,1.6478509591037136
0.15200309344505047,0.28147992289484564
0.0,1.4159898686802403
1.8826430493618416,1.3852058437122279
-1.1636660109706298,0.3111940251889007
0.2995602818589078,-0.6645436445849537
0.4768136968655341,-0.25562149557763103
1.2537565922457827,0.770730486084287
-0.13124453327825236,0.40582334135852394
3.355480654598389,2.0773383712368156
2.2143191208007664,0.8780911151980552
-0.04439411935845339,-0.20085016383657245
-1.0506260730699677,0.07700388382261747
0.7589919004962051,-0.004327275880951249
0.5145731728297585,-0.5921997273959826
0.4680447489420061,2.664007640259566
0.07800251200127306,-0.4117715008150171
2.603821527972473,2.735635352450512
-0.07400058144377741,-0.09367028032155847
0.24100809950379487,0.4269602389505538
1.4069641987431627,1.6394616742253543
1.1069152039165115,1.6882798966286117
2.206450877467427,2.0096534075248744
1.1069152039165115,0.4137095779462514
1.7232906572691302,1.8063730479096478
1.6520766965796931,0.8714700548940235
3.0,1.3825177657173495
-0.029146345659516015,0.7710420213976932
5.129283016944967,3.0683506479060267
-1.704544116473829,-0.08379715909447943
0.7631080089684374,1.917671236805809
0.5525410230287786,0.7073733758553916
0.0,0.20927864186304884
1.3504972470841325,0.20174854157226657
2.415037499278844,2.3384641969834843
3.764286200165719,3.4705733918869477
0.900464326449085,-0.14920265801113725
-0.8930847960834876,0.3399206382609232
0.7776075786635528,1.3009388761961553
0.0,3.4335410874128516
-1.3698380798487477,1.925664334918809
4.121015400961365,3.102725518315866
1.2537565922457827,0.5743706444283373
0.5360529002402101,0.8345947292873432
1.7520724865564148,2.1252459799883576
0.22239242133644765,0.2052293460317883
1.7224660244710912,1.0788171116869347
-1.4525122046975065,-0.71910530806685
1.4947646917495776,0.339257269101804
0.584962500721157,1.259438568896931
0.7369655941662066,0.42771177231784396
0.26303440583379434,0.07804507106501908
0.7533600324168752,0.5071729107803497
-0.6374299206152925,-0.036841207991379396
-0.4150374992788439,-0.8004843439154685
0.7136958148433594,1.0248279874745976
0.2995602818589078,0.558254086693561
-0.16992500144231215,0.5168042838809389
-0.32681031626710855,0.28791342544022097
1.3219280948873626,2.1116410439474698
1.1805722456418204,0.7444340453178763
1.4863986662375677,2.1174944207303477
-0.3677317845004868,0.1680035136299784
-0.12553088208385876,0.2013279214295921
1.765534746362977,1.4793720847543115
-0.022367813028454364,1.4477846988569145
0.903784684740697,2.1841635515621616
3.9835118772114306,3.6599814791273024
-0.5849625007211565,-0.6483195785389151
0.10691520391651199,-0.5025830649749459
0.44057259138598104,0.8449977669782511
-0.2801079191927349,-1.1371386910122594
6.06216882108643,5.4670633039760546
1.9601072728764866,1.2531232139739494
0.361336479445598,0.32970028532625073
0.0,-0.9086374303220135
1.3692338096657188,2.1542354833100816
1.2537565922457836,1.1588728050135073
3.5405683813627027,2.4848277116390602
0.1375035237499347,0.524364881808177
0.06711419585853662,0.49318102574822387
0.0,-0.03072145018418132
-0.16175106999661182,0.024997696729141105
0.45637829465974367,1.16185111908902
1.1255308820838597,1.2101299772606662
0.2837929660005907,0.35171861342698896
2.0,1.2695763426513902
-0.4150374992788439,-0.3380109328383274
-0.6629650127224291,-1.0297823770056835
-0.3219280948873626,-0.29688387199779115
0.1740293997750486,1.139567521253533
1.0297473433940523,1.6485832596566472
3.9835118772114306,3.4571574518915913
2.212993723334198,1.9877231916362599
-0.20645087746742652,0.04168253171670799
1.0,-0.008457043142447043
-0.23446525363702353,-0.2733988015054978
-1.5215371205795227,-0.3069101722335106
0.0,0.1674138112033185
3.1813297647145613,1.4117652994444057
1.4594316186372973,1.4080318601515054
1.0159415438690216,1.242264413876602
1.549338590990435,1.8793168737518373
1.4069641987431627,2.3408491453535554
0.29956028185890826,0.8680404343355425
-0.24100809950379487,0.12139345794723733
1.6444635124698186,1.3157244439135387
1.4232114307245443,1.2548691776589829
4.851749041416058,3.6239495627149036
-1.1468413883292707,-0.041477324004338234
0.4995710094905119,0.6283203390318098
0.6629650127224291,-0.014214506794939963
0.5618788876081142,-0.313654007224377
0.8073549220576037,1.1208207895786702
0.0473057147783571,0.5858919812494724
1.3692338096657188,1.16366585624542
0.2954558835261709,0.18601249083174443
1.502500340529183,0.8542433462105119
1.1813297647145617,1.9294665009854348
-1.8073549220576042,-0.5564032169844407
0.3923174227787607,0.2270527440162916
0.0,0.18725384227022085
-0.5849625007211565,-1.2112401031533273
0.485426827170242,-1.2572823320455773
0.0,-0.08698462519452382
0.3923174227787607,0.3851247936390079
3.7425037777076358,2.6833721626683333
2.0356239097307216,0.8879082289250709
0.0,1.4963062925131592
-0.25153876699596367,0.12509524761868215
-0.46948528330121997,-0.9988843146728631
0.09019780897157847,0.465533761373673
0.24100809950379487,0.1438170565420771
1.2537565922457827,1.0608004788544831
0.2995602818589078,-0.8805454591374025
0.4768136968655341,-0.21405693180672136
0.0931094043914813,-0.5322122485211499
0.0,-0.4524969002424993
0.4768136968655341,-0.46411069011766787
1.6681037360214015,2.904682334777941
1.1069152039165115,0.3639250103292237
0.0,1.9408220240432854
0.0,0.1289484784192657
1.214124805352848,1.2621608866286593
0.951090399519054,1.2275980127204396
-0.20645087746742652,-0.2547638613916665
-0.20163386116965043,-0.6794132105255862
3.5138794026596747,2.5048997409809326
0.13750352374993513,-0.0790311347961722
-0.2995602818589078,-1.1268669877083133
3.0995356735509145,1.8949393843372078
1.472852134399619,2.460081025763965
0.0,-0.2257787357834773
-0.07400058144377741,-1.259322393809731
0.0,0.4288108938020494
0.8650704199138914,0.5703695264455396
-0.497499659470817,0.49798263203208426
-0.04182017569462726,0.32044959575379967
1.9360369412680347,2.797116729096878
0.19264507794239583,-0.16179725595138872
1.971985623830403,1.120725173365416
1.4594316186372973,0.7709809785344205
1.4854268271702415,1.1156092122878154
4.936637939002571,4.769329978515603
1.1699250014423122,0.7212273849949422
2.6907571647437534,2.1195595430840797
1.7127180479195294,1.2619902300614678
0.0,-0.35303112373527984
1.0473057147783562,0.6480753437198871
-0.6214883767462704,-0.9934199538938893
0.6918777046376685,0.0019797600165110565
6.06216882108643,4.796924383722726
1.0473057147783562,1.3346223787593292
-0.18442457113742705,0.9083430496562679
0.584962500721157,1.3644255060119417
0.361336479445598,-0.32768950929995294
-1.7041342016988343,-0.0354717396149318
-0.3575520046180838,0.4273933790370913
2.3985493764902746,1.8961994030893747
1.3692338096657188,0.9580803942178405
-0.16992500144231215,0.4608768088063606
-0.8395353278067539,-1.2761958650479717
2.1658088929700803,2.553622090299916
1.5808463922489242,2.4256394172644655
0.0,-0.6712241303983455
1.3692338096657197,1.0871590001970843
-0.2223924213364481,-1.004855134189125
1.4863986662375677,1.977494251496001
0.0,0.06310808649327895
3.9835118772114306,3.5619036652779137
0.0,-0.43713877568291926
3.4474589769712214,2.8314786538584036
-0.04580368961312509,0.6146112614343961
0.3219280948873626,0.7020810962973756
1.8345763907926278,1.0303635196323409
5.151309323274965,3.3712452403169513
-0.7004397181410917,0.30930007025862727
1.3479233034203064,1.2520303931055303
0.0,-0.8533874189478626
0.24100809950379487,-0.3145503145006334
1.2106019777547647,3.7905799911622937
0.19264507794239583,0.25317066834679747
0.3923174227787607,-0.11396656622179253
0.7842713089445628,0.5511633554477701
0.3692338096657197,0.5172231478152339
1.2537565922457836,0.9515501901282696
0.5618788876081151,0.051592379120925326
0.0,-0.9214453015257713
1.7264349266740364,1.2849901075182566
2.2976805486406855,2.5824468883956726
-0.17508670655809144,0.5586704522648664
-0.584962500721157,0.07177150397940811
0.7548875021634682,0.8154537688664227
0.2837929660005907,0.36147518778386367
1.3479233034203064,1.0086775294765122
0.3719687773869582,0.6703432716746598
3.6293566200796104,1.900513321170786
2.8194277543581796,2.3181896291504183
-1.8073549220576042,-0.8211444027454505
-0.5849625007211561,-0.5734131901587335
0.6780719051126378,0.37250234617715827
2.4863986662375677,1.6401912388425295
-0.4043902550793357,0.11115456497284601
0.9284467389749667,0.5973265350515881
3.355480654598389,2.094311485946382
-0.3219280948873626,0.15822876658063934
1.549338590990435,1.94594257371639
-0.24100809950379487,0.15919062221282643
1.8744691179161412,1.9456517037629188
0.361336479445598,0.3653190154061279
0.10691520391651199,0.7270323278249202
2.0443941193584543,2.5747241881550624
-0.19264507794239583,-0.003471759033427446
0.8624964762500653,0.8670529462997342
1.3692338096657188,2.3728111757744275
-2.3471653863863855,-0.8300198796623285
-1.415037499278844,-1.5183490603444694
0.47643804394298694,0.6073762378607359
0.0,-0.5022207156826874
1.4947646917495785,1.1462436016115822
2.155278225477911,1.853524843952668
0.3410369178350665,0.8187139141216492
1.0703893278913985,1.8014393452511517
-0.19264507794239538,0.3021335629939459
5.447236321666992,3.2942898225384867
-0.5145731728297585,-0.3221593733412047
0.2995602818589078,0.5200810073633217
0.4768136968655341,-0.3870979251992176
3.5849625007211565,2.308818707295821
0.7884958948062879,0.8748090540518214
-0.2223924213364481,1.0472655729595202
-3.3484003062485534,-0.5385053249510812
0.0,-0.813449693250758
0.0,0.12209262159269807
0.7182290315846203,1.5292952149331471
0.5145731728297585,-0.6330908514819942
0.9652345818393231,0.45463003583586803
0.24100809950379487,0.4132046876292179
-0.1397247636666128,0.7753504607065698
1.472852134399619,2.3342680991092144
1.6918777046376685,0.7819671752695166
0.6780719051126383,1.6075444842077466
-1.432959407276106,-0.9646671656303232
0.900464326449085,1.0289049827381196
-0.7725895038969277,1.3987387536406244
1.1069152039165115,0.4219336851829252
1.7264349266740364,1.22461682355654
-1.3959286763311392,-0.8681995109468994
6.06216882108643,4.969272271597833
0.44057259138598104,0.14943549279080348
5.129283016944967,2.9716345189697013
0.056583528366367375,0.2603766449957703
0.7631080089684374,1.9467918368562214
-0.6100534816839867,0.23433976173647109
0.4854268271702411,1.0637337639715845
0.485426827170242,-0.37110846693546207
0.23446525363702353,0.6493927310703184
0.33703498727757175,0.7083722707677819
3.7425037777076358,3.2806920162600317
1.4594316186372973,0.1444961749824082
-0.7369655941662066,-0.27821530578488773
1.1699250014423122,0.5184855614366347
-0.24227584566699711,1.1872957683824046
2.292781749227846,1.7492759807940597
2.4232114307245443,2.4252346071261286
5.129283016944967,2.7592269304261086
0.22239242133644765,0.14666049330372513
0.3719687773869582,-0.05863749363010296
-1.4525122046975065,-0.6557888731358102
0.8345763907926278,0.9370813735950727
0.0,0.40964852483315484
-0.10691520391651199,0.0011977753990060624
1.2223924213364477,0.7104369685730966
1.4069641987431627,1.6045344763438527
0.07800251200127306,-1.0218872224144315
0.0,-0.30642050125852127
-0.9328858041414634,-0.44825533484873903
0.13750352374993513,-0.09762439170240511
6.5016841056893675,3.8972216655756595
2.415037499278844,1.041835057540697
1.4854268271702415,1.245400448485758
1.8345763907926278,1.2118409339187963
0.561557896386212,0.5245126471622056
0.16046467219324612,0.8115241835644832
-0.13326653086346418,0.3403205162359685
6.742692205193163,3.8192483543665348
1.2537565922457836,1.0978241578795171
-0.8624964762500653,-0.49540437300464735
2.152275274379898,2.868368074013112
1.0000000000000004,0.9479098534195342
0.4854268271702411,-0.005405553165464182
0.8744691179161412,0.9854138748059122
-0.16175106999661182,0.019160755013639622
1.1255308820838597,1.2154451536732567
0.0,0.3439701548195205
0.8624964762500653,0.4932407541194551
6.742692205193163,4.076973934882388
5.392317422778761,2.934612325601935
0.12553088208385876,0.810309511805532
5.228818690495881,3.551607601474117
0.26303440583379434,0.13061984024071197
3.355480654598389,2.089812352119818
-1.0506260730699677,-1.0258572817943503
0.0,0.21978389760374933
3.0,2.461678390998729
-0.3219280948873626,0.11868746337340941
3.0,3.0932115238892472
2.2630344058337934,1.565661949962151
0.0,-0.21666653465925845
5.521600439723727,4.934812264801946
-0.07038932789139807,2.1554200986408896
0.10691520391651199,0.7377050460907821
3.5849625007211565,2.424421462702619
2.9360369412680347,2.5318991478707984
-0.5235619560570131,-0.7644037715036468
-0.2801079191927349,-0.5656521996930515
0.4995710094905119,0.5865552357786424
0.6674246609131291,0.3924416570101028
1.432959407276106,-0.37130260335317233
1.1805722456418204,1.232422095156245
1.1699250014423122,0.3830823218121704
0.6322682154995132,0.9654120975062743
1.7655347463629765,1.5353459947430268
-4.105534414172357,-1.4944627661695817
0.22239242133644765,0.5311837605353068
-1.8073549220576042,-0.3979613387481003
2.155278225477911,0.7595750831058111
-0.768184324776926,-0.25880657929425865
-0.022900402110078488,1.9493007578592902
1.3479233034203064,0.7563807310727819
-1.9634741239748865,0.1274114630674299
1.1699250014423122,0.6890116848088985
1.3692338096657197,1.3945853020584689
5.954196310386875,3.946143940271549
0.6780719051126378,0.7306907380146684
0.0,-0.3814841226945296
0.06926266243711332,0.6646305720011579
-0.7004397181410917,-0.8841178313812239
0.7182290315846203,1.4992052803541362
1.6280312226130418,1.6660793922818309
-0.10691520391651199,-0.7690753283176242
0.0,0.20436792927189998
0.1154772174199361,-0.962721112711786
0.8981203859807865,0.5622958276587818
1.352301743930881,1.4042479695657202
3.0995356735509145,1.935624538140441
1.1069152039165115,0.4749784207977671
0.8650704199138914,0.5775099583077742
-1.227535724612408,0.5507132544295237
1.8073549220576042,1.0333553894674505
-0.938599455335857,-0.7807894632367398
1.3504972470841325,0.3451479918594347
0.0,-0.8253773997311322
-0.6100534816839867,0.5457879518778447
-0.20163386116965043,-0.2854640958351856
-0.1397247636666128,0.7133851717642984
0.0,0.5294689055470327
1.3598959450863832,0.6119330891221497
1.0159415438690216,1.0989891501585765
2.292781749227846,1.8970139384916276
0.0,-0.35492754862847964
4.821160721582635,4.830049533062143
0.6918777046376685,-0.06405963975740608
-2.023083613113042,-0.6460785245571992
0.0,-0.3995042168535661
1.3479233034203064,1.0014498266862355
-0.44057259138598104,-0.32513838323582256
0.7369655941662066,0.4931357000282116
-1.1312445332782524,-0.14396684463320153
3.4474589769712214,2.83871737369863
-0.4150374992788439,-0.8175038345952473
-2.8137811912170374,-0.6360198393883547
0.1547225947986428,0.3808086407601187
0.0931094043914813,-0.5442244058434716
6.742692205193163,4.444843776387018
1.054447784022376,0.6863795832353513
1.971985623830403,1.715020578429373
1.4947646917495776,0.6419287227511287
2.4232114307245443,1.7007992139958676
1.4863986662375677,1.9587624881264212
0.5405683813627027,1.0965606427651235
1.0703893278913985,1.815072978239021
2.299560281858908,2.005456558307351
0.9328858041414634,0.34271746773053136
0.3219280948873626,0.7465841655413298
0.4329594072761056,-0.009772150157166043
0.4150374992788439,0.20053299358616805
3.6438561897747244,3.9163639659065392
0.24100809950379487,-0.4313445565258984
-3.856137295143885,-0.48031269812486044
0.361336479445598,0.4566138066525498
-1.0000000000000004,-0.1483470427697831
1.1069152039165115,1.2871076534425738
1.912537158749661,1.4443987621731218
-0.3219280948873626,-0.7583098097753032
1.6780719051126378,1.2452533483423145
-5.314314910777487,-1.7017565103638765
0.06711419585853662,0.4668961182133221
0.3048545815284216,0.108905831987606
0.6520766965796931,0.3277519051655124
-0.26303440583379345,-0.28856961653968827
-1.1332665308634642,-0.2751258944289431
0.7218981460772644,1.308861369302464
-0.16175106999661182,-0.0036211279626363444
-1.912537158749661,-0.8258902366486066
0.6322682154995123,0.15420187566321564
-0.2115041051937121,0.2574980235479596
0.2837929660005907,0.3258066032601645
0.10187961401921353,0.36535052477985663
0.0,0.6559540357244112
0.8300749985576878,1.4100054696994642
5.392317422778761,3.0278845574031155
-0.8556100906648245,-0.8145313193078106
4.266786540694902,3.1553014206659293
2.5800720043740837,3.7236493574652285
0.1740293997750486,1.1303832751644283
3.9835118772114306,3.4112757397690086
0.19930880822340669,0.5075462906224713
-0.28950661719498516,0.499901960116235
3.355480654598389,2.104183600888154
1.1255308820838597,0.7857346998417118
4.998038483666714,5.98410681965294
-1.0588936890535683,-0.9668753089377446
0.27207954543680124,1.8022396930597802
1.0159415438690216,1.1898306916790284
0.0,-0.16423610914629005
1.1375035237499351,0.9093443081964507
-0.24100809950379487,0.05742443278439224
1.8744691179161412,1.8473896268802692
-0.44057259138598104,-0.8426797464132498
-2.459431618637297,-1.121260593848172
0.6780719051126383,0.41123741493190724
0.485426827170242,-0.38137688260661573
0.0,-0.5254548535661271
0.5618788876081142,-0.1835288961285102
1.7589919004962051,1.2154221109484293
0.15488560197817147,0.8699853545550078
1.7655347463629765,1.6114051936913432
1.2274104961030723,0.7195135191573319
-0.19264507794239538,0.4814583256053543
2.596367263993405,1.6828506942717996
1.054447784022376,-0.2547157841319777
1.1813297647145617,1.8248462164700232
0.28010791919273537,0.4201285737720888
0.9541963103868758,0.9084368168911956
-1.9634741239748865,-0.044399201614052974
0.7964666059148682,0.2746181915441753
0.4150374992788439,0.1719454622378493
5.392317422778761,4.139324255265205
-0.5405683813627027,0.4593154968340759
0.5405683813627027,0.547271411339003
0.0,-0.7522470795536588
0.5145731728297585,-0.5786492404055142
5.228818690495881,3.518537466104506
0.06926266243711332,0.7057702383193731
-0.34792330342030686,-0.9952734125763365
0.12553088208385876,-1.0681857336068028
1.6681037360214015,2.6734835333267557
1.1069152039165115,0.3218094858069339
0.0,2.035358490310628
1.6322682154995127,1.5785669897388486
0.6229303509201767,0.7540733574786038
1.4505797647413612,3.304839478966745
-0.20645087746742652,-0.11757848887344435
-0.8259706002249514,-0.8776307562316478
1.2976805486406855,1.671322775204893
0.0,1.5729251658978392
2.292781749227846,1.8348005593016476
0.1154772174199361,-0.7542927096834544
0.9652345818393231,0.4371013739911886
1.0000000000000004,-0.13435050631021075
3.4069641987431627,2.219975055647837
1.472852134399619,2.4589738580098457
0.33703498727757175,0.6424474845931863
0.0,-0.11103894456937434
-0.2995602818589078,-0.2759136055805258
0.10691520391651199,0.08427156780089029
1.8073549220576046,1.6662495976804146
0.19930880822340669,0.38669147878457577
0.0,0.4281256517258213
5.529820946528696,3.4949208903564495
-1.887525270741588,-1.2426525319146333
0.0,1.2539418743861563
1.782562460606317,2.8091586567498354
5.129283016944967,3.208187115981821
1.5525410230287786,0.7820928974335828
-0.3219280948873626,-0.4765825243664647
1.3479233034203064,1.6395704248173515
0.056583528366367375,0.27953243856821464
1.087462841250339,0.6321733468378635
0.900464326449085,-0.0023714157145175996
0.485426827170242,-0.5409287315763629
1.4854268271702415,1.3010848972972542
-1.3698380798487477,1.6649733773532673
-0.2479275134435852,-0.48945700300433415
0.5910990265231071,3.1346137748171032
-0.2223924213364481,0.10231761582484755
1.0473057147783562,0.5727314856394011
0.22239242133644765,0.3168798790626519
2.4232114307245443,1.6407579287569978
0.0524674198941355,1.1070516005214657
5.228818690495881,3.1340592663155595
1.6280312226130418,1.4084243714627942
-0.44057259138598104,-0.7205142126596572
0.8345763907926278,1.0439362266430072
3.3219280948873626,2.3269969304462217
0.7533600324168752,0.4168207663947986
0.04306872189188571,-0.23351746906907475
-0.6374299206152925,-0.03626329487436487
1.3692338096657188,0.7854278357088944
0.5272470028648693,0.5843415342064011
1.3692338096657188,0.10300956303131985
1.2537565922457836,0.8482865592877873
1.4947646917495776,0.7224113211891956
6.742692205193163,3.902234715728028
0.6026645024546156,0.10881505299935912
1.1805722456418204,0.6845187091691471
0.8845227825800648,0.624542576553216
1.7328079686925504,2.387263740577154
0.13750352374993513,-0.39147482208014656
2.415037499278844,1.0244079024024022
1.1699250014423122,0.5888460935004723
-0.6438561897747244,-0.12265140661104468
3.9835118772114306,3.5770139702909844
-0.04580368961312509,-0.07303048110710779
0.485426827170242,-0.3451882635585036
0.34792330342030686,-1.561756857189875
-0.7776075786635519,-0.9489918365718362
0.4150374992788439,0.308270663320266
3.966391607357181,2.459025586844306
-0.09019780897157847,0.24568734202099732
1.2537565922457836,1.1800602976100847
0.485426827170242,0.5590711634457479
1.5525410230287786,1.2092214840363835
6.742692205193163,4.108695730221051
0.7842713089445628,0.17724386021841526
1.0911478880581953,1.0732049024390717
-0.24511249783653177,-0.2069896095707737
0.0,-0.009561707567569494
0.6731896837328915,0.2796021400568654
-0.16992500144231126,-0.3031520642927981
0.0,0.40253139786471753
-1.3692338096657188,-1.2588638246178037
1.3692338096657188,0.975046706814056
0.3870231231092469,-0.24824218461827022
0.7589919004962051,0.3935507238116833
-0.5849625007211561,-0.767385913308195
1.0984037040609946,1.0767107323588931
-0.44057259138598104,-0.4478427701014329
-0.7045441164738291,-0.23119896638628057
-0.03394733192333721,0.5568265814444313
5.529820946528696,3.5978143408797187
1.1375035237499351,1.2953790881023406
0.1154772174199361,0.013447897366211659
1.9685041470707585,4.705600160708833
1.6322682154995127,1.0578603342867785
4.998038483666714,6.0254159684443955
-0.3312059084753738,0.01908778578371559
-1.506959988719883,-1.3329636434252663
-2.4947646917495776,-1.7323970959096613
1.5405683813627027,1.6264583068335225
3.0,1.2083768873900025
1.054447784022376,0.26959491766235755
0.10691520391651199,0.4899732333688277
5.151309323274965,3.870246839457603
0.6780719051126383,0.4338759718944721
-1.1053530001462288,0.8161281942134505
-1.1468413883292707,-0.10664004779145309
0.485426827170242,-0.7464626039274143
0.584962500721157,0.7656497102167694
1.0931094043914813,1.33170450819454
1.1069152039165115,1.4297345846533474
1.549338590990435,1.2477754704277781
0.8073549220576046,1.355678962988865
0.09019780897157847,0.3960190082441169
-0.07155326102503334,0.04572212804576883
-4.105534414172357,-1.7785249086247503
2.596367263993405,1.6926755812982937
1.8639384504239715,1.083750685650473
0.3923174227787607,0.2392782938989922
-2.4208431209600496,-0.43605802433216945
0.5525410230287786,0.8156026714848237
2.0976107966264217,1.4009743968266568
1.0671141958585366,1.5552464814198999
-0.7725895038969268,-0.05763094151518276
-3.3484003062485534,-0.2960506084482593
2.0356239097307216,0.8514803411982375
-0.2115041051937121,-0.7259597681792371
0.5208321633014403,0.17710858793752307
1.2537565922457827,1.0602690807236972
0.2995602818589078,-0.5916182522167037
0.06926266243711332,0.7725541609571548
-0.34792330342030686,-1.1110428908924213
-1.880418384247327,0.5575725576155196
0.4768136968655341,-0.018566934216170613
-0.12553088208385876,-0.35346812838823305
-0.21299372333419786,0.964717610503463
0.7198920808072646,0.5522916731554183
-0.14438990933517548,0.21588953240783804
0.6280312226130418,0.8241216409776276
1.4505797647413612,3.6242877391385226
3.0,2.531604386010036
-0.20645087746742652,-0.08801726723148473
1.054447784022376,-0.3950879802755225
0.485426827170242,-0.02609379938158707
1.352301743930881,1.2642554857424522
-2.0443941193584534,-1.6721273296388837
1.1069152039165115,1.521395267767979
1.0000000000000004,0.07744398905547657
0.15488560197817147,0.882059142862212
-1.432959407276106,-1.0045998639296745
-1.1076089740865953,1.710388712859862
-3.1497816176464823,2.6849256193414885
-1.7589919004962051,-0.1937410821620036
-4.832890014164741,-1.8981511278899432
0.7631080089684374,1.9169635772304032
-1.0641303374197157,-1.0670053756495284
0.0,0.8694916728339604
0.3219280948873626,-0.14905225396795335
1.8073549220576042,2.240165205915112
1.0473057147783562,0.6889358151274395
-0.04890960048094595,-1.2113421567623546
0.3719687773869582,-0.08165369581182844
0.13750352374993557,0.4893894643654958
4.743391863325639,2.6786671569848863
0.5618788876081142,1.3045526729268841
0.0,-1.613615707757198
2.0752881273042374,0.9018953750012887
0.9541963103868749,1.1743055558812208
-0.18442457113742705,0.40699946836752027
0.7533600324168752,0.2402516954226812
-0.3575520046180838,0.24786186034399982
0.0,-0.08156673127805406
1.6280312226130418,1.6803276072981332
1.3692338096657188,0.16175452136148247
1.4947646917495776,1.0264226949253699
0.6520766965796931,-0.08720049768005089
1.971985623830403,1.694278172221513
0.0,-0.31149074996295767
0.5405683813627027,0.6855650267309524
1.4461347960238404,1.3430879452997002
1.0703893278913985,1.537161852400285
-0.3677317845004868,0.19164502162893451
1.450661409009565,0.7178954372735354
-0.022367813028454364,1.3116532395713094
3.4474589769712214,2.651341903409367
0.361336479445598,0.5337185294001371
1.865070419913891,1.275554500776373
1.1069152039165115,1.4578185115606563
1.2106019777547647,3.99560802021906
6.742692205193163,4.520517337348058
0.0,0.562311715636474
3.5405683813627027,2.3057303659156405
-0.3219280948873626,-0.6636003236086306
0.3048545815284216,0.6438775980693101
-0.025686643663648923,0.5164632428726761
0.917537839808027,1.145951163021429
-0.3410369178350665,-0.3281827049722098
2.152275274379898,3.6433842052040206
0.7589919004962051,0.8852122043133965
0.0,-0.01100412408798776
0.8744691179161412,0.9600741718088966
2.476438043942987,2.4960784819230746
0.6731896837328915,0.1571363025357278
1.2344652536370235,0.6738671165822416
1.2931963763440457,2.6063516814770815
2.7369655941662066,2.797652164584677
0.2223924213364481,-0.416400956813197
-0.4150374992788439,-0.39968646434573407
-0.5360529002402092,0.2053291132563798
-1.8073549220576042,-0.7099292728501244
-0.44057259138598104,-0.13144496253359872
-0.5849625007211565,-1.0504252212638483
1.4947646917495776,0.9332622898639634
5.228818690495881,3.3062484595036254
-0.7369655941662066,-0.8845080110426071
1.0,0.11123258835781379
-0.23446525363702353,-0.19093316031541144
-0.2801079191927349,-0.7093022040611422
1.6322682154995127,1.0842307499218387
-1.506959988719883,-1.470013838689368
0.0,-0.29042828826503675
1.1375035237499351,1.1739249544598114
2.0356239097307216,1.1854132099899033
5.151309323274965,3.866030555498294
3.5849625007211565,2.1535970112196448
4.851749041416058,3.20275629882404
2.8194277543581796,1.8115202307643512
2.9360369412680347,2.309813822567998
2.892391025913404,2.155080951271488
2.048909600480947,1.6841622263432265
-0.2801079191927349,-0.4173482565668224
-0.7104933828050148,-0.2418211400491834
1.6322682154995136,1.0249745840265316
2.155278225477911,1.7392685895111204
-0.34792330342030686,-0.7750515094591235
1.3692338096657188,1.1641885124141944
0.34792330342030686,0.25693046021051336
0.485426827170242,0.44988651529688006
0.22239242133644765,0.6089836314533631
1.054447784022376,-0.4113164596369969
1.1813297647145617,1.714360593210604
0.5849625007211565,-0.23152801133042825
2.0976107966264217,1.511179688060198
3.5849625007211565,2.1121871378267096
0.6023445789493929,0.978805693105881
0.6780719051126378,0.7171240724796145
2.0356239097307216,0.8620195612801657
-0.25153876699596367,0.1460547637603399
-1.1636660109706298,-0.08168045759053819
0.06926266243711332,0.6965707032792466
0.24100809950379487,0.2017376047715136
0.5145731728297585,-0.5027761019276333
0.0874628412503391,-0.19564854041940594
-0.547487795302493,-0.3969041331086871
0.0,1.9955633916008346
-0.08488889758651297,0.0833364607559249
-0.19264507794239583,-1.4164497505295939
0.16046467219324612,0.09665534988824631
0.1154772174199361,-0.30886899322558947
0.4150374992788439,0.5181660728873164
0.485426827170242,-0.17197406643787905
2.292781749227846,1.84507415128672
-0.07400058144377741,-0.2003756727298306
-0.20163386116965043,-0.6674183153966007
0.691877704637669,0.5414029468898199
1.7655347463629765,0.5744163339920151
0.4150374992788439,0.7793395391890945
0.43063435432986186,0.3363283681893451
0.24100809950379487,0.7550635329470774
-0.7500217469916528,0.15131181614616615
1.6280312226130418,1.4094419133446698
2.20212382383046,3.418013005732911
-0.3677317845004877,-0.17749779469735205
-4.832890014164741,-2.0150210834551485
0.4150374992788439,0.3506489407006612
0.056583528366367375,0.28010018493151884
-1.7776075786635523,-0.7772540858114547
-0.938599455335857,-0.8100617903903617
0.0,0.17439070429469897
5.614709844115208,6.502486173094337
2.415037499278844,2.350178049552261
1.3667823306716231,1.863932790356266
0.9652345818393231,0.47962321979298883
0.0,1.4787872614148108
-0.5267478867758602,0.33720931997648396
0.9541963103868749,0.803696291646941
-0.24227584566699711,1.79029521172488
1.1255308820838597,0.526059589437059
1.0473057147783562,0.5311735460319379
-0.04890960048094595,-1.0483417101681491
0.6918777046376685,0.055482118225338224
1.7328079686925504,2.5373800458123656
-0.1154772174199361,-0.08684542861161271
0.4947646917495776,0.08803964783067873
4.743391863325639,2.7670423108854623
1.4947646917495776,0.4923568162755775
0.5618788876081142,1.1293915561706993
1.2223924213364477,0.8494378791880196
0.6214883767462704,0.17675654993538303
0.0,-0.09110859586394639
0.7548875021634682,0.7624712464657334
3.966391607357181,1.24729761030882
-0.16992500144231215,0.4463011998624793
1.4947646917495776,0.9776637163345727
1.054447784022376,0.6591655060352536
1.5808463922489242,2.6907134707440656
1.0,0.635937930818872
0.31034012061215055,-0.1713357452795007
1.4461347960238404,1.1637509620259128
0.13750352374993513,-0.4641801033561965
-0.6438561897747244,-0.15912176497463948
3.9835118772114306,3.7430910176973917
3.4474589769712214,2.777712946014315
1.1420190048724281,1.629654562153248
0.10691520391651199,-0.7529549318593378
0.16046467219324612,0.7966767533819301
0.361336479445598,0.5265753610353189
0.24100809950379487,-0.30517217748246317
0.7655347463629769,-0.020260406030368827
3.5405683813627027,2.2778102937677343
0.6780719051126383,0.9531962201514683
1.415037499278844,0.8982112744326638
-1.8981203859807865,-1.1028501240178274
-0.02046410255971587,1.5591003724802792
1.0000000000000009,1.1612898666248692
-1.912537158749661,-1.3085152148569639
0.900464326449085,0.25325866457038915
1.865070419913891,1.293653753873636
-0.584962500721157,0.0651558528477877
1.6322682154995127,1.9157001367519357
0.0,0.4049990462876274
0.3719687773869582,0.7233973689102027
0.2223924213364481,-0.5130234463542748
5.392317422778761,3.1919916651912668
-0.3219280948873626,-0.2921780574727055
1.0984037040609946,1.0176121758325023
2.5800720043740837,3.9193878339600126
0.23446525363702353,0.6836872800272764
1.0000000000000009,0.9683338115385024
0.7520724865564148,0.3870675010244438
0.4150374992788439,0.16070026318363917
1.4947646917495776,0.9717108100483236
0.0931094043914813,-0.9537030056243478
-1.5215371205795227,-0.430814838019354
0.8073549220576037,0.060039447907282266
3.1813297647145613,1.643000970828322
1.0159415438690216,1.2152362034685127
-0.7369655941662066,-0.5100276067314755
2.0443941193584543,2.5005059588351375
3.5849625007211565,2.2146335157771606
0.485426827170242,0.40185419256768484
-1.415037499278844,-1.4499729188694788
-0.2801079191927349,-0.49406739232970254
0.6322682154995123,0.146701692466494
1.9757524537533229,0.001094851276706568
1.295455883526171,0.3477349858015331
0.15488560197817147,0.8997803237760461
0.14684138832927118,0.8378915906068128
0.6780719051126378,0.39004112257826073
4.750771393691236,2.4393599545855245
0.19930880822340669,0.5966818482793969
1.2444187276664471,0.5710852346198987
0.0,-0.8737711928931968
1.2630344058337948,1.1606015127864326
5.954196310386875,3.8902468295904216
-1.3667823306716231,-0.8736805881799536
0.3048545815284216,1.1991402419224935
0.0,-0.656652493886166
5.228818690495881,3.6296039635307973
1.0931094043914813,1.4394601194215355
-0.13124453327825236,0.47672873773333474
0.0,0.7907102821869778
0.8744691179161412,-0.4237560311018048
0.951090399519054,1.2007879883458943
1.0000000000000004,0.0691346769664971
-0.4150374992788439,0.4852585482643049
0.925999418556223,0.8898530047863094
0.0,0.25433968569657894
-0.09019780897157847,0.1768339299824119
0.691877704637669,0.6751007303446006
1.1069152039165115,1.458172021759609
1.3692338096657188,0.3622697120162599
-0.8981203859807865,-0.32154626902974726
0.15488560197817147,0.9387089380579985
1.8073549220576046,1.6996151742213899
1.1069152039165115,0.4354064407569347
0.07800251200127306,-0.06986930990832985
-0.32192809488736174,-0.18299860274990548
0.0,1.5740867701909964
0.7062687969432897,0.5334424995199842
0.4947646917495776,0.31820911988910483
-1.227535724612408,0.8304711852478031
1.9360369412680347,2.540704305045808
-0.8073549220576046,-1.093706521693481
-1.669851398307669,0.07561352645000466
0.0,0.28240693549966167
1.3504972470841325,0.40698505506121174
3.764286200165719,3.5534285289403345
-1.0242475462466771,0.14317695235068584
0.34792330342030686,-0.6219960606419775
1.3923174227787607,0.829872618360877
0.33703498727757175,0.6580734722092704
0.22948184612276723,0.1429339497858766
-1.3698380798487477,2.023007040984163
-1.0641303374197157,-0.9648008092171547
-1.1332665308634642,-0.23320077937501224
-0.5594274086140185,-0.8761297155899841
-0.13750352374993513,-0.5948330090742706
1.1255308820838597,0.4901976392235902
1.7127180479195294,1.2826538669338658
0.0524674198941355,1.1742560259472499
0.0,0.33262637725605176
1.0473057147783562,1.4266326941334746
0.8345763907926278,1.1287075699615183
0.7369655941662066,0.5143977770213187
0.7533600324168752,0.6672165012685569
2.155278225477911,1.9451265188920872
1.3692338096657188,0.9532904170026599
1.2537565922457836,0.8268170757600543
1.3219280948873626,2.059877952064492
1.1805722456418204,0.49592566503446334
6.5016841056893675,4.094347809155628
-0.4150374992788439,-0.2718264337640393
1.4863986662375677,1.9363474835785248
-0.12553088208385876,0.08832223305137399
2.415037499278844,1.0358049602612587
0.903784684740697,2.2550687718778284
0.24511249783653177,0.19079465680990246
3.4474589769712214,2.692400140848525
0.7884958948062879,-0.4301164410424886
1.0443941193584534,0.43441620436563055
-0.09019780897157847,0.42742295842983985
0.0,-0.31056336609695856
-0.7004397181410917,0.3077218251038758
1.502500340529183,1.1669912457302458
1.7224660244710912,1.3514984441059616
0.0,-0.8055117503285547
1.3692338096657188,1.8465713864764441
-0.07155326102503334,0.26060423072463945
-1.0,-0.4856127801753086
0.7655347463629769,-0.13417659380717195
3.5405683813627027,2.205318966579002
-0.6280312226130418,-0.8473735308432012
0.917537839808027,1.1611768433402836
1.6322682154995136,1.2442123480271128
1.3692338096657188,0.08565185735977757
5.714245517666123,5.8552150870817155
-0.9840584561309784,0.3969336590702169
1.0000000000000009,1.0753829097104168
0.6731896837328915,0.3921869794620273
-0.14017765804825988,0.5439744309460941
0.0,0.7211918712173138
2.884522782580064,2.332967243604975
-0.5360529002402092,0.20177455757651086
1.8744691179161412,0.9191355784033444
-0.44057259138598104,-0.31120472705784197
-0.03394733192333721,0.6534823008337896
2.299560281858908,1.7744754411824195
-0.055141554192460696,0.22618827650775053
-0.9434164716336322,-1.030324034992313
1.765534746362977,0.7255041824224422
6.742692205193163,4.048153169783233
-0.28950661719498516,-0.03801425255918797
1.9685041470707585,4.287838107942572
-1.5215371205795227,-0.29591211070951556
0.8073549220576037,0.08259030366255748
1.6121839694561797,1.7114566235179418
3.0,2.247137039261459
-0.4854268271702411,0.49277934832481696
0.0,2.012442738554125
0.9541963103868749,0.773072164992175
0.0,-0.29051955627808734
-0.7104933828050148,-0.5920870422574279
0.361336479445598,0.5978485425345135
0.24100809950379487,-0.6086721895218885
1.1805722456418204,1.3021860707161175
0.5405683813627027,0.37722147321638677
2.8194277543581796,1.9735181980896548
-0.45720695352278273,0.12155856099416235
-2.8744691179161412,-1.8999669641279706
-0.562936194391157,0.4106288473968679
0.6674246609131291,0.4098854218436515
0.3410369178350665,0.6527618192956481
-0.4854268271702411,-0.3834252621936265
1.1699250014423122,0.30766399077106876
0.07038932789139807,0.714975386903841
4.750771393691236,2.5363498759297816
0.6322682154995123,0.6134617361278984
3.9835118772114306,3.5933053228796297
-1.8073549220576042,-0.5896327256176095
1.087462841250339,1.57503378115602
2.8073549220576046,2.3256640049027912
1.2223924213364485,1.3089715544155769
2.0976107966264217,1.4656723900961126
1.8345763907926278,1.4498914493394066
0.7884958948062879,0.8326210064833579
1.6780719051126378,0.9771831665017003
-0.07400058144377741,-0.14462618833537477
1.9757524537533229,0.5465376506979128
1.3692338096657197,1.3849172909311753
0.0,0.3830201492084524
1.8826430493618416,1.2810118433706166
-3.1565044856799904,0.6302216390121678
0.2995602818589078,-0.7384152165895206
2.2143191208007664,0.909859759781142
0.4768136968655341,-0.23855595868536414
0.0,-0.6754394314064931
0.485426827170242,-0.10784608657984175
4.764286200165719,4.001373740539397
-0.10893437155316477,0.6106906142501911
2.415037499278844,2.228309789799046
0.4854268271702411,1.1439113596576964
-0.2995602818589078,-0.18946051558515123
0.8650704199138914,0.918821799743561
6.06216882108643,6.254404372142179
2.4232114307245443,1.5505964911437466
1.9360369412680347,2.6543677728833144
0.18641312423088152,0.15480380297203242
-0.938599455335857,-0.8387988649079449
-0.6166713604484944,-0.3358179488994676
1.971985623830403,1.2496361127321014
0.1154772174199361,-0.9666286454886734
1.1805722456418204,0.728139904529882
-0.20163386116965043,-0.2513933380234421
0.485426827170242,-0.3348288132824282
0.21008552588483376,0.3746813397738423
5.614709844115208,6.607241548529471
0.6629650127224291,-0.005623937491484821
0.24100809950379487,0.3341886923011163
1.971985623830403,2.1849448096084205
1.087462841250339,1.8044167859175073
0.5618788876081142,1.328056383159275
1.1069152039165115,1.171329765001915
0.09953567355091453,0.07035773736209072
2.3985493764902746,2.095045499229249
1.6280312226130418,1.7444021019518448
-0.32681031626710855,0.0810903603622822
1.2537565922457836,0.7110609549836091
1.3692338096657197,1.0990259426988853
1.387023123109247,1.1364140235677265
1.4461347960238404,1.1163265014607544
-0.12553088208385876,0.0744239751329765
0.6374299206152916,0.7559463719424204
0.485426827170242,-0.196084073329013
1.415037499278844,0.9152707897949085
0.10691520391651199,-0.6520956094771387
1.2537565922457827,0.6604461522107908
0.4651227307151524,1.7173882784981562
1.8345763907926278,1.0611412359715147
5.529820946528696,3.5318456173048665
1.3692338096657188,0.6456635980145833
0.0,0.12828751796316068
2.0752881273042374,1.0087594720201642
-0.13326653086346418,0.29964827825780804
1.912537158749661,0.9494425338396731
-0.793549122532573,0.002112210804893728
-0.34792330342030686,-0.9167002044138659
0.691877704637669,0.5830418476998745
2.061400544664143,2.383285882672528
0.9306607959260855,3.71458118190037
0.3410369178350665,0.5294002063408634
1.7264349266740364,1.4140704987766757
0.0,-0.38174297113127464
1.1255308820838597,1.1776212997183912
1.6322682154995127,1.892892194707103
2.0,1.3297702261542428
1.3275746580285048,1.2596580134514976
0.8300749985576878,1.3743619435509604
1.0984037040609946,0.9486887007450642
-0.7045441164738291,-0.00401042390993719
2.5800720043740837,3.890592020405228
0.0,-0.09138258218454776
2.212993723334198,2.1052030727175337
-0.7369655941662066,-1.126676551010197
1.214124805352848,1.2958731894312767
-1.5215371205795227,-0.2818512192710867
1.1255308820838597,0.90857217026759
-1.3575520046180838,-0.2326129120999516
1.5525410230287786,0.6849782975881084
0.0,2.2630754620724445
-0.7369655941662066,-0.5443494803690256
2.415037499278844,1.7631121569188528
-0.599462070416271,-0.10837585016638557
0.8744691179161412,0.4666864867601572
1.1069152039165115,1.393939547595033
0.8624964762500653,0.6594608567289396
0.12553088208385876,-1.0864262735552082
5.529820946528696,3.409557432604922
1.045803689613125,1.1717572034202721
1.295455883526171,0.44942643938234306
0.8073549220576037,1.2380703072819934
-0.4854268271702411,-0.36921292899203045
0.15488560197817147,-0.5735518159336987
3.1813297647145613,2.420843779659274
-0.2115041051937121,-0.4661582998407625
5.447236321666992,3.6434480196119967
-1.8531586116707288,-0.5085938864066424
1.4947646917495785,1.370853709028271
0.9541963103868749,1.0644435902907514
0.9541963103868758,0.8204039824120783
1.7589919004962051,1.2684418646412146
0.8744691179161412,1.3177716717805505
0.0,0.002084011007413844
1.2370391973008492,0.8013190003876518
-2.342392197447078,-1.2671039170243643
1.3692338096657197,1.4094769849200395
0.15200309344505047,0.24620947322410763
5.954196310386875,4.051387277157323
-1.3667823306716231,-0.8629655673149781
1.6974372299795686,1.4985273323381592
0.0,-0.3400018619335703
-0.04439411935845339,-0.0693017690298637
0.0,-0.8566049880415683
1.6280312226130418,1.5828467170486862
1.087462841250339,0.4225727674773335
-0.14438990933517548,0.14416268571184787
0.07800251200127306,-0.39000484733641727
-0.8259706002249514,-1.0428261233231628
0.4150374992788439,0.5506057827274559
0.0,1.424570287044756
0.951090399519054,1.0988016089793784
-0.20163386116965043,-0.7118698130430265
0.13750352374993513,-0.01130029539913243
-1.8073549220576042,-0.6957385173882134
0.900464326449085,-0.4722442028871808
-0.7725895038969277,1.382939113727627
-3.1497816176464823,2.282688855643617
0.3923174227787607,0.17206969486529294
2.7369655941662066,2.3985025180146327
0.0,1.1655496130139076
0.24100809950379487,-0.18118912342819582
-1.704544116473829,-0.11449222690983903
2.0297473433940523,1.390432986627165
0.5849625007211561,0.437806851702905
1.3479233034203064,1.6323475052595764
0.485426827170242,-0.9392485763371721
0.18641312423088152,0.06759138910229465
1.087462841250339,0.017024788124855136
1.3923174227787607,0.6356047929162354
-0.3219280948873626,0.5764579045973406
0.33703498727757175,0.699366032659575
3.4474589769712214,2.5428382887949166
0.3131578852596304,0.2732239381434504
0.13750352374993513,0.7548050256152947
2.659730269123129,2.661826290661067
0.6291623046316914,0.5577084320690022
-0.04890960048094595,-1.1263026214389247
-0.19264507794239583,-1.16166656375807
1.7224660244710912,0.1531293797112545
-1.4525122046975065,-0.5808468727668291
1.6280312226130418,1.379143688257506
1.0473057147783562,1.3172823632825605
0.7369655941662066,0.4700116348304617
0.26303440583379434,0.16177447076731055
0.361336479445598,-0.20595561551794336
0.6214883767462704,1.0406074303857769
-0.5145731728297585,-0.6074191466595262
1.3575520046180838,1.9761860572914738
2.1658088929700803,2.5753196062283656
6.114660982580121,4.315242145482522
6.199672344836365,6.366249630840235
1.1096244911744986,1.6029071443435772
1.0761716804854045,2.2034184136530017
1.4947646917495776,0.6547946390645418
-0.12553088208385876,0.11751307455321203
0.13750352374993513,-0.3547902417297534
1.7951802081115025,1.391200983510249
0.6023445789493929,0.843204127949893
0.4150374992788439,0.31483626723871094
1.8345763907926278,1.097689989470743
1.3692338096657188,0.6913768239572345
0.0,0.26873144691092654
2.0752881273042374,1.0433282927298104
0.361336479445598,0.47149222262367485
3.5849625007211565,1.4354041569235214
6.742692205193163,4.307313553419636
-1.0,-0.5679006642867728
0.19264507794239583,0.3429043440125392
-0.6280312226130418,-0.838546598590649
2.2976805486406855,2.525518416967064
-0.46948528330121997,-0.8545088143911354
0.4150374992788439,0.3721154346532132
0.0,-0.3069153015249663
-0.485426827170242,-1.3254945265861628
0.2223924213364481,-0.4681231315469129
1.0984037040609946,0.9246383011444894
-0.5849625007211565,-0.986899453969618
0.0,-0.7542062047113904
0.1154772174199361,0.08407722152629604
1.9685041470707585,4.561871486260517
1.6918777046376685,0.7084750485246031
-0.1375035237499347,-0.2982789408562754
-0.8930847960834876,0.15031340297798668
-2.4947646917495776,-1.618949586218155
5.266786540694902,2.7844853159289236
2.4069641987431627,2.2113723965619685
1.7078192485066896,1.2160437409352378
0.8073549220576046,0.8929493299346714
1.6229303509201771,1.211074897254632
1.8744691179161412,1.7035428986888754
0.9289169019385177,2.202065994909463
3.5849625007211565,2.450220783684105
0.4854268271702411,0.060293425481581286
-1.415037499278844,-1.5075208346230118
0.2223924213364481,-0.26742627752369974
1.7190991733726917,1.6676746647649299
0.6322682154995123,0.11410330369728483
0.6674246609131291,0.4618385957078608
0.584962500721157,0.7854098714524214
0.5618788876081142,-0.18510056925866403
1.295455883526171,0.49241685819890996
1.7589919004962051,1.2135412510305545
0.09019780897157847,0.40214469668247665
1.054447784022376,-0.46547437292674476
2.8073549220576046,2.6141073808405535
0.3923174227787607,0.1900621878504909
-0.022900402110078488,1.7164649281859936
0.9951506003386053,1.74312732136191
1.1699250014423122,0.5552925883429829
-0.15241523315386374,1.4987036593192693
0.8073549220576046,1.273134684299155
5.954196310386875,3.8358951354731294
1.0984037040609946,0.5808194963771667
0.0,-0.4045909567673158
0.4768136968655341,-0.1627988836143881
2.2143191208007664,0.9912374139368333
-0.7004397181410917,-0.8939571507053732
4.764286200165719,3.837858570905289
0.7589919004962051,-0.07439937620568642
1.087462841250339,0.42927212619966804
1.6559290220752994,2.321202546364471
0.5525410230287786,0.1407274315685911
-0.8259706002249514,-0.8840873944225537
0.23446525363702353,0.23031686381919136
0.4150374992788439,0.5267673152571346
-0.07400058144377741,-0.2091582597422544
1.7655347463629765,0.4805888185691557
0.8845227825800648,0.7207649195931598
1.4854268271702415,1.1605399976798174
3.0995356735509145,1.9179561496462894
1.472852134399619,2.4186496368240906
-0.4150374992788439,0.328959073731768
2.635588573791124,2.6723440509092415
-0.8981203859807865,-0.6569564184476064
0.15488560197817147,0.7616821866594429
1.2334901302197778,2.6331641365922045
0.900464326449085,0.8804555888893608
-0.7725895038969277,1.280382398270303
1.1069152039165115,0.555915138883913
-0.3219280948873626,-0.3015176986032923
0.5849625007211561,0.31677782208164673
2.4232114307245443,1.780638560121269
1.6322682154995127,1.1005141645576169
1.8073549220576042,1.0384074794154088
0.400537929583729,0.26631110664636504
-0.938599455335857,-0.7082419911645768
0.0,0.26785501023477726
1.3504972470841325,0.21088141490016446
2.8194277543581796,1.7016200819788398
3.4474589769712214,2.5220485489766107
1.4594316186372973,0.8068815113924477
0.4854268271702411,1.1123703787709194
0.6951454184715784,0.8357870701461235
0.21008552588483376,0.45543836164018103
3.7425037777076358,3.422690365195325
3.4474589769712214,2.443525868459157
-0.362570079384708,-0.535288631437921
-0.13750352374993513,-0.6583670997816296
-0.7104933828050148,-0.9301782003383638
0.6918777046376685,0.05373896936983501
0.3719687773869582,-0.140013951764498
5.228818690495881,3.2490487804337636
0.4947646917495776,0.17480569126600987
1.2223924213364477,0.7943469721732853
1.3692338096657197,1.382527789831443
0.4854268271702411,0.19932735898302562
-2.8137811912170374,-0.6998858614039152
1.6280312226130418,1.645583672987622
6.742692205193163,3.5885522753731407
-0.2223924213364481,-1.0346443978958126
3.192645077942396,1.3634853190505174
-1.263034405833794,-1.5221634334666907
6.5016841056893675,4.063470154991687
0.31034012061215055,-0.1281618602174287
-0.4150374992788439,-0.43962478470555305
-0.3677317845004868,0.156166454301507
1.415037499278844,1.0565069489616759
0.3219280948873626,0.6410136037534488
0.0,-0.7582494710937997
-0.3219280948873626,-0.2220156729738023
6.06216882108643,5.54138416416505
0.8479969065549495,0.061390174472163155
-0.7500217469916528,-0.03015205417058929
0.485426827170242,0.34253667271123034
1.4012239239101554,2.734314054721375
3.5849625007211565,1.7208734395819114
0.7842713089445628,0.4247321624452333
-0.3219280948873626,-0.6774761716614481
0.3048545815284216,0.4763184089416032
0.917537839808027,1.21785242260618
-0.8624964762500653,-0.3459124436983052
0.2223924213364481,-0.4696741779206043
-0.3410369178350665,-0.5657910761402667
0.3410369178350665,0.3126181514314833
0.20645087746742652,-0.0874306521794845
-0.26303440583379345,-0.3977137550166965
0.0,-0.2346434249196589
1.0000000000000009,1.1476630596182829
0.45637829465974367,1.089030572528102
-0.2115041051937121,-0.060930246782905595
0.0,0.33335377986096826
1.7655347463629765,0.8797981985173879
0.44057259138598104,-0.3135435499069613
0.3870231231092469,-0.09543843692231305
1.0984037040609946,0.6528571723476109
0.6780719051126378,0.4168085615834385
0.6646513893503156,0.3127331043926398
-0.10691520391651199,-0.9750078541053827
1.9142701259741162,1.3839777795632426
0.3870231231092469,1.0104138572059636
-0.28950661719498516,0.11846521804511745
-1.5215371205795227,-0.2964613900341326
-0.2801079191927349,-0.7091492384152156
1.4069641987431627,1.6570187046458345
-0.4474589769712214,0.1880576654592533
1.4594316186372973,1.4724931349747135
-0.8930847960834876,0.2179592424724519
-2.4947646917495776,-1.7332660799177404
5.266786540694902,2.6827242515437146
0.24100809950379487,0.25151466793541244
-0.599462070416271,-0.14395406230309482
1.4069641987431627,2.3530351833067735
0.29956028185890826,0.9231789662916242
1.3136604789037616,2.7822059485031505
1.415037499278844,0.936486820566501
0.6780719051126383,0.39982733321005187
0.24100809950379487,-0.2364999830423793
0.7589919004962051,-0.23746977126043078
0.12553088208385876,-1.1464967432476332
-0.13326653086346418,0.23456426059250007
0.0,-0.028989951776199785
1.045803689613125,1.2551114359442697
0.2954558835261709,0.14754515327674675
0.6322682154995123,0.04091709906047403
-0.2995602818589078,-1.0842454333889298
1.2444187276664471,0.5450110189247156
0.3923174227787607,-0.03350617998088141
0.0,-0.14010481843481504
0.7182290315846203,1.5035633668484216
3.6667565918848033,1.3424721394975812
0.6780719051126378,0.685874821312217
-0.9278502142441649,0.4908097394669938
2.1935375586642634,3.491439165663804
0.06926266243711332,0.6976311262615572
-0.34792330342030686,-1.0962068272403305
0.19930880822340669,0.3801291962015071
0.0,0.83773783221612
0.0874628412503391,-0.04160919998705666
4.764286200165719,4.013667222540508
0.5272470028648693,0.8314769430291961
-0.5052353082504224,-0.032838007973007
-0.3219280948873626,0.05538586547611457
1.0747677684019727,1.4413282231628826
1.3692338096657188,0.6226630132754031
0.0,1.7053445197163966
0.9652345818393231,0.5630517386909955
1.1069152039165115,1.6430410358693122
1.0000000000000004,-0.019922902506062195
-0.8395353278067539,-1.29475506320109
0.3448284969974411,1.5809401604428115
1.6229303509201771,1.2221272284837985
1.8073549220576046,1.555216795827172
0.07800251200127306,-0.09081732045095259
2.529253068134868,2.5566908227079788
0.2630344058337939,-0.21788452101499023
-0.1643868179008816,-0.9563667989199344
-0.6166713604484944,-0.37469354292359275
3.4474589769712214,2.499009631249863
1.4594316186372973,0.8087832341932015
6.880195728943098,4.32711869153727
0.21008552588483376,0.5286083627669054
-1.0641303374197157,-0.9641214984505058
0.8845227825800648,0.7853591017443025
-0.13750352374993513,-0.6197547001910328
0.5360529002402101,0.7832113851071926
2.4232114307245443,2.38985498024471
-2.1413558492455413,-1.2037765869876225
-0.4854268271702411,-0.8116351215460462
0.22239242133644765,0.3474101318888393
0.0524674198941355,1.1755900059962132
1.7224660244710912,0.19247832533487208
-1.4525122046975065,-0.5867732998702025
1.1375035237499351,-0.21016691871425563
1.0473057147783562,1.320173480674331
0.0,-0.5550923174209172
1.4947646917495776,0.3854909517061914
3.236339539168373,3.188663043997811
-1.0506260730699677,-0.9210528308847886
1.1069152039165115,1.1241597249314297
-0.18442457113742705,0.235565328273737
0.7533600324168752,0.5141331543361716
1.6280312226130418,1.8259354260961673
-0.12553088208385876,-0.2439970280872422
0.0,-0.08154099957447836
0.6520766965796931,0.10988763519799316
1.3136604789037616,2.7075695389249015
-1.0,-1.0593832321077505
1.0,0.5645281119342328
2.0,1.8338414119968398
0.0,0.05848079388589533
1.0703893278913985,1.6292714036639584
-0.6438561897747244,-0.05835802779152344
0.903784684740697,2.3351242633382956
1.1420190048724281,1.7785497827927192
0.6780719051126383,0.9931990912390666
0.10691520391651199,-0.5343306784342916
0.44057259138598104,0.8633165404180682
-0.1154772174199361,-0.04845760831889079
0.4651227307151524,1.6962748067255455
0.24100809950379487,-0.27030491250037714
-0.5849625007211561,-1.0514495416650154
0.485426827170242,0.30374500814841443
0.9328858041414634,0.27290246872271606
-0.07155326102503334,0.26354777935387913
0.7655347463629769,0.17112548633794344
1.2537565922457836,0.9128694252445214
-0.025686643663648923,0.27670465671490574
2.5226437243250137,3.0921056087130654
0.917537839808027,1.170597212229989
0.3048545815284216,0.1560567877241845
0.6520766965796931,0.31472973460563514
1.3410369178350656,3.424533119660056
2.476438043942987,2.518024252292152
0.8479969065549495,0.54452814080583
-0.44057259138598104,-0.4051824297621158
-0.6280312226130418,-0.2255318785924221
5.714245517666123,4.689539670198212
-0.485426827170242,-1.442566665253977
1.3275746580285048,1.5422735900269853
-1.8073549220576042,-0.8708392158158358
0.12553088208385876,0.609941162545018
0.1740293997750486,1.1030141692769289
0.0,0.6381868657918625
-0.03394733192333721,0.44221211453676623
0.23446525363702353,0.641643629557529
3.9835118772114306,3.6531846204427123
1.2223924213364477,1.3872219063840219
0.0,2.1999058291744307
2.350497247084133,1.890285519298919
0.4768136968655341,-0.15609568404906593
-1.5215371205795227,-0.2596973566230007
0.8073549220576037,0.03409664763946027
1.6322682154995127,1.19094825167678
1.4594316186372973,1.4060837112742126
1.6918777046376685,0.6112290610482133
1.3667823306716231,1.8351822861796245
0.0,2.1012648733150328
0.7884958948062879,0.7949231892066712
-0.7104933828050148,-0.21046640264211264
1.6444635124698186,1.25965344654613
1.8744691179161412,1.8087515719359721
2.0443941193584543,2.652067866828493
1.1805722456418204,1.4992462816808025
3.5849625007211565,2.3070417545678374
-1.624490864907794,-1.2677152028666203
2.155278225477911,1.9062765909501915
0.8073549220576037,1.1976589386789558
0.0473057147783571,0.6116626309581888
1.549338590990435,1.29278880583349
1.4947646917495785,1.207503102527085
0.2954558835261709,0.20096118403440402
0.485426827170242,0.3265981983760693
1.9411063109464317,1.8163230710616387
0.3923174227787607,0.12632685249557746
1.7589919004962051,1.1949828241589735
1.3479233034203064,0.7218986233404012
0.8073549220576046,1.2868807696603781
0.6780719051126378,0.7424630552482886
-3.1565044856799904,0.6308554041531791
0.2995602818589078,-0.5946441907872676
3.4474589769712214,2.4949517100431766
-0.12553088208385876,-0.3003041302432137
-1.0641303374197157,-0.955934303031602
1.6559290220752994,2.3743002798425796
0.6280312226130418,0.8417519667686096
2.0297473433940523,1.376802894469474
3.5138794026596747,2.418142652145406
0.33703498727757175,0.7200662836463189
1.7264349266740364,1.2666707976548874
-0.5360529002402092,-0.14327034369401237
1.7232906572691302,1.9010886429501144
-0.768184324776926,-0.24842403937961885
0.0,0.20869953004801106
0.0,1.5598802528417224
5.129283016944967,3.2013317757645714
1.5525410230287786,0.706581005790235
0.5849625007211561,0.44582443763936724
2.4232114307245443,1.6874912982354728
0.485426827170242,-0.883779456310473
1.9360369412680347,2.702869665936005
2.0,1.1424802123755688
-0.20163386116965043,-0.20061897584056584
0.22948184612276723,0.11788955143181815
-1.8402195559632313,-0.49821595878627184
0.0,0.7682679522229302
0.6918777046376685,0.566083380335331
2.4232114307245443,2.3728127676927535
0.3719687773869582,-0.09280455993647811
1.7224660244710912,0.4622598107190734
0.0,-0.4369313502563623
1.1375035237499351,0.9241361520288969
-0.44057259138598104,-0.44672954004212273
-0.44057259138598104,-0.8055163301709132
0.584962500721157,1.2869260951173154
-0.10691520391651199,0.026961658662018717
2.155278225477911,1.9255467469771128
-0.3575520046180838,0.30339554718350903
1.1375035237499347,1.0541680361230654
0.1547225947986428,0.3234021947059491
1.3575520046180838,2.0321716486953108
6.114660982580121,3.9522040579717213
1.4947646917495776,1.1162820057512894
1.2223924213364485,0.9806366026088843
0.0,-0.6833892474581089
0.0,-0.01455627421521094
1.0,0.5890772256742909
1.054447784022376,0.4854685608858098
0.0,0.10484422730997617
3.4474589769712214,2.740505698530253
-0.3219280948873626,-0.06570324528101201
0.24100809950379487,-0.29895585235094435
1.1805722456418204,0.7551704946060209
0.485426827170242,0.5440359724907118
6.742692205193163,3.8890491694150517
0.3692338096657197,0.6089440890166147
-0.3219280948873626,-0.653975139903168
0.917537839808027,1.1559276199134065
-0.8624964762500653,-0.40134879765120335
6.199672344836365,6.390817390867209
-0.17508670655809144,0.46958874115472504
0.0,-0.349173464978758
1.0159415438690216,1.093038373885702
4.121015400961365,2.48057230832528
0.0,0.7165552077759005
6.742692205193163,4.134718123552927
0.0931094043914813,0.9988771801827784
0.6646513893503156,0.31065314144342676
0.1740293997750486,1.0447476159005151
0.6780719051126378,1.4100518990554385
1.4232114307245443,1.3637381600692096
0.0,-0.10760363011181341
0.7520724865564148,0.4368625825148315
-0.10691520391651199,-1.0532881429031011
0.7842713089445628,1.526278445317785
0.16046467219324612,0.7999334353479747
-0.19264507794239583,-0.06932933075317305
0.6918777046376685,0.02469121367246694
0.6674246609131291,0.3745936078035894
-0.4854268271702411,-0.36943752123994905
0.15488560197817147,-0.4727040799996132
1.3692338096657188,1.1220837806199313
0.1671099858352587,0.674387737180451
0.0,0.1477220016544291
4.750771393691236,2.5587131135621064
-0.2995602818589078,-1.075397970336052
0.28010791919273537,0.4608381032051034
1.4947646917495776,0.6739128885807113
-0.5849625007211565,-1.5408925078976774
-0.5820799921880342,-0.6428759274473516
0.12553088208385876,-0.8939081047349153
0.9951506003386053,1.7417458925100937
-2.342392197447078,-0.9733453634419068
-0.2223924213364481,1.0921247958917655
3.7425037777076358,2.8677399112337305
0.613645255425241,1.682290540880306
0.3048545815284216,1.1594769140343468
-0.6605135337283334,0.21186297222012687
-1.0506260730699677,-0.10180557321347505
1.087462841250339,0.39791424358766675
-0.19264507794239583,-1.7238904213970128
0.07800251200127306,-0.36109524104482205
0.925999418556223,1.0354480595715518
-0.07038932789139807,-0.5069658579759834
2.0297473433940523,1.4528907619312217
2.292781749227846,1.7634298087816322
1.7655347463629765,0.5539471915916235
3.4069641987431627,2.294985458680294
0.43063435432986186,0.2782485353948341
0.900464326449085,-0.33430419647867754
1.8073549220576046,1.6889771674181475
2.20212382383046,3.501631067015984
6.06216882108643,6.298597408403786
-0.3219280948873626,-0.3892357636279538
-0.1979393776119096,-0.13301190081685105
0.485426827170242,-0.09139401679314108
1.4854268271702415,1.1024557508761772
0.3131578852596304,0.22052510181946242
-0.362570079384708,-0.38410669904897154
0.0,-0.7818987869489074
0.5360529002402101,0.8410281639629447
1.7520724865564148,2.347651601639214
0.0,-0.3805727689428784
-0.4854268271702411,-0.82607812664561
0.22239242133644765,0.2845722505379256
-0.19264507794239583,-1.238607249282318
-1.1069152039165115,-1.4250234715061603
-0.18442457113742705,0.7514088817354536
0.0931094043914813,1.0424764288115789
0.26303440583379434,0.2575255372954391
1.4195388915137839,1.7212574461376149
1.2630344058337948,1.1291074880879624
0.1154772174199361,-0.3645480022564609
-0.37851162325373,-1.562656256635258
-3.6304771599735246,-1.9960813714035661
1.1805722456418204,0.535743781149136
0.12553088208385876,0.16243296059253098
-0.3677317845004868,0.1664042492098083
0.13750352374993513,-0.4312076630929252
-0.022367813028454364,1.5366109832664983
0.5405683813627027,-0.011082254903672206
1.1069152039165115,1.600246339862772
-0.7776075786635519,-0.5641771133563057
1.4913173901311083,3.1160412447969956
-1.6844981742720706,-0.5553282770391126
1.054447784022376,0.3537018667466576
0.0,-0.8969245740432041
0.24100809950379487,-0.21162787541217276
0.12553088208385876,-0.4625408626647517
0.7655347463629769,0.03879289827176824
0.3692338096657197,0.5485100462023569
0.5618788876081151,0.22932814871655782
0.9306607959260855,3.7630882272023882
0.8744691179161412,0.9428572427732737
0.0,-0.3354247563738016
-0.6280312226130418,0.07127529198075033
-0.485426827170242,-1.5958383744247795
1.3275746580285048,1.5293939798630107
0.8300749985576878,1.4908391892785542
3.6293566200796104,1.9085878757926615
1.0984037040609946,0.5984842218696034
0.6780719051126378,0.5239800869131407
-0.16992500144231215,0.07620085379219055
-0.03394733192333721,0.6004593042694754
0.23446525363702353,0.6846871453137441
1.0297473433940523,1.5220859583913486
-3.716207033999409,-1.4669169796063868
-0.10691520391651199,0.0506994772794887
0.9284467389749667,0.5728042936851561
1.6121839694561797,1.7318461936412226
1.2223924213364477,1.5679821541614642
3.1813297647145613,1.6747862998593726
0.0,-0.336477321694041
0.7884958948062879,0.8041811563731814
1.5405683813627027,1.7302062331864194
-0.24100809950379487,0.09674446387240498
0.6374299206152916,0.8069748368879103
2.0443941193584543,2.560294376631712
0.6322682154995123,0.07563400865223247
-0.5849625007211561,-0.060064722454794106
0.0,-0.5332915391004298
0.1671099858352587,0.7421262932448992
0.0,0.23944313182195723
0.0,0.16148119946690498
1.8639384504239715,1.2802671041818283
-0.2995602818589078,-1.077654162115662
-1.8073549220576042,-0.7224008283342395
2.8073549220576046,2.678356808710002
-2.4208431209600496,-0.5847504574479934
0.7884958948062879,0.8381779387081679
-0.15241523315386374,1.9198030289428218
0.8845227825800648,0.520075937490308
0.8073549220576046,1.3879404951569576
2.350497247084133,1.8216479365290759
0.6780719051126378,0.6964338647729353
1.8826430493618416,1.3215702949839572
-2.8073549220576046,-0.2966068662932152
-0.9068905956085187,0.09903699018397533
5.228818690495881,3.3753964537717387
2.5226437243250137,3.215302535082149
-1.0641303374197157,-0.9613657271954715
-0.6100534816839867,0.34101817359100206
-0.5052353082504224,0.07776721589701652
1.3692338096657188,0.3917911654819277
0.925999418556223,0.9820343823539481
-0.07400058144377741,-0.1905130534317485
0.24100809950379487,0.4088815910884671
1.6322682154995136,1.1772441436751613
0.10691520391651199,-1.5966460451523286
3.0995356735509145,1.9101854528215754
0.24100809950379487,0.7393345159887329
1.6229303509201771,1.3960273703522748
0.0,1.6731681086693861
1.415037499278844,0.7941116087863064
-1.227535724612408,0.6380466166075726
0.27207954543680124,1.7641602116304473
1.0911478880581953,0.7307107225529454
-0.20163386116965043,-0.2694872180563799
0.21008552588483376,0.4640913934452403
-0.4474589769712214,0.23400497712152268
1.3479233034203064,0.5738255032425187
1.6322682154995127,1.4243204051433143
2.292781749227846,1.8590835613846401
4.821160721582635,4.775135625567298
1.0752881273042378,1.0027382989723341
0.3719687773869582,-0.06056099189848761
1.6280312226130418,1.412270079326873
0.0,-0.47581750325578664
-0.44057259138598104,-0.9522062667159523
0.8345763907926278,1.1214496714491946
0.0,0.35789819265592576
1.3692338096657197,1.2804422670223568
0.9541963103868749,0.9706020593810637
0.04306872189188571,-0.175177254611666
0.8744691179161412,0.7632116680663295
3.4069641987431627,2.166983080466175
0.7136958148433594,0.9862391194905894
-0.32681031626710855,0.30948240323144016
1.2223924213364485,0.9207220501622526
0.6520766965796931,0.037609765489565516
0.728697978182606,1.3344660482227266
3.7425037777076358,2.821640924983179
1.765534746362977,1.4630122955964975
0.6623045892543207,0.6746038208086954
0.24511249783653177,0.22509193767160052
0.485426827170242,-0.19301436811052464
0.3219280948873626,0.6851555038994322
-0.7776075786635519,-0.8395280308559971
6.06216882108643,5.5082350059527245
1.4913173901311083,3.1171856964881774
0.9541963103868749,0.4981450410272411
-3.856137295143885,-0.4679816090428112
-0.07155326102503334,0.2798018898022162
1.912537158749661,1.4902943734933893
0.1375035237499347,0.5892771804632262
-0.025686643663648923,0.27602670896470693
1.0911478880581953,1.1903374488253515
0.9306607959260855,3.7745006350977963
1.3692338096657188,0.10699029594655944
4.743391863325639,2.6618407948757525
0.6322682154995123,0.07048697142591132
0.0,0.3400699642299645
1.1255308820838597,1.1683199564928586
1.4474589769712214,1.2415834388243852
-1.295455883526171,-0.8703736242344103
1.6322682154995127,1.8681439001859124
-0.485426827170242,-1.2916611474203397
0.8073549220576046,0.3125944653060817
-1.8073549220576042,-1.0905562089153733
0.0,0.06640155994490815
0.7369655941662066,0.5304954601300982
-0.5849625007211565,-0.9585589346796349
1.2223924213364477,1.293865533703614
-0.10691520391651199,-0.607868406741513
1.6322682154995127,1.6983707246064506
1.4594316186372973,-0.08643646853274836
0.6280312226130418,0.8346386912534182
0.3219280948873626,0.5126939639719432
-0.3312059084753738,0.08634935822302184
0.24100809950379487,0.3008787959498743
-0.7104933828050148,-0.24446188375497738
0.06926266243711332,0.5460320990558674
-0.24100809950379487,-0.498435276252415
0.4854268271702411,0.0569951304869177
-1.415037499278844,-1.4445372974621764
5.529820946528696,3.5855264354337217
1.7190991733726917,1.7617485147544365
0.6322682154995123,0.18161505887537333
2.2630344058337934,1.6052076281754124
-0.34792330342030686,-0.8134816037019337
0.0473057147783571,0.6623011318015319
1.7655347463629765,1.644740156861612
0.0,0.0475318823951707
-0.19264507794239538,0.5467751404136618
4.750771393691236,2.2380187894954564
2.0,0.19412405161528
1.8639384504239715,1.2488356846842232
-0.5145731728297585,-0.4133272368444776
0.9541963103868749,1.1394740599595148
1.2223924213364485,1.3446648324152186
1.2370391973008492,0.9616325163850352
-2.342392197447078,-1.220809592491585
0.7884958948062879,0.9507324774643622
-0.2223924213364481,1.1600608799819043
0.4150374992788439,0.36131069306671665
0.8073549220576046,1.424984959691834
1.9757524537533229,0.6100842962663513
0.6023445789493929,0.9038669940944497
0.15200309344505047,0.22251389801338323
0.6780719051126378,0.7558524156495741
1.4329594072761065,2.555363144299201
0.0,0.1931260886406074
2.2143191208007664,0.9576787822920582
0.0874628412503391,-0.03596797544307556
0.7182290315846203,1.4594604944321776
1.415037499278844,1.6504225542833524
0.0,1.9515868221329085
0.6229303509201767,0.7770799204389691
2.0752881273042374,1.1339636948963285
-0.8259706002249514,-0.8496787069701998
0.9652345818393231,0.4672501394287265
0.7776075786635528,1.3010291497185213
1.054447784022376,-0.5323287041220104
-0.7369655941662066,-0.9846189957630269
1.472852134399619,2.5450305152596124
-0.8981203859807865,-0.468390671643826
0.0,-0.16236999168146832
1.6229303509201771,1.4730398805424814
0.0,-0.0774652929565604
0.0,1.1264512637395157
0.7988601278921479,1.7213117465676904
1.5525410230287786,0.7194162361837497
0.2630344058337939,-0.20495683569840906
-1.669851398307669,-0.17931435566068013
1.3504972470841325,0.3569568800343793
0.0,-0.9965646865631107
1.0911478880581953,0.6603645641739123
0.8981203859807865,0.5687264137555708
1.087462841250339,-0.03687109209221834
1.352301743930881,1.6115997512103086
5.614709844115208,6.654970221465328
0.5431423250265288,0.7674371827024977
0.5849625007211561,-0.3472528831427186
1.8073549220576042,2.2475802691154305
1.0473057147783562,0.548927022556679
-1.2439255828860896,-0.9765571396926014
0.4947646917495776,0.15129218822307638
0.5618788876081142,1.3647054349055483
0.0,0.3477189256689419
1.6280312226130418,1.3103908170434564
3.4474589769712214,2.915481735990114
-0.3575520046180838,0.5256706812686287
2.292781749227846,1.9807826309542984
-2.8137811912170374,-0.7273129540229513
0.23132554610645517,0.48714293792343144
0.4150374992788448,0.9248804608498438
3.4037221860510094,2.6444491683892712
5.129283016944967,2.6148434119683706
0.0,0.6534350374401304
0.13750352374993513,-0.1850426417956479
2.4232114307245443,1.6466020236779826
1.4863986662375677,2.0768898297447347
3.9835118772114306,3.1560493883109464
1.450661409009565,0.7267363436090517
1.1699250014423122,0.5029596134765322
0.0,0.027732491196278963
0.0,-0.29492217158783274
-0.6248552278446695,0.0013680460740204351
5.529820946528696,3.854923018119754
1.3479233034203064,1.2952683009318169
-1.0000000000000004,-0.7199835762738833
1.1069152039165115,1.4681426687116348
1.912537158749661,1.34858404305504
3.5405683813627027,2.212117415538923
0.8667334691365358,0.9911360311188326
1.1375035237499351,-0.226173242016094
-0.025686643663648923,0.38426412197557347
2.061400544664143,1.5070329697959555
6.199672344836365,6.4634879863208825
1.6322682154995136,1.3695096717374298
6.295233228221941,3.952484980573976
1.0000000000000004,0.7984992163213971
1.782562460606317,3.2100996628156033
1.3410369178350656,3.345728491375461
0.0,-0.16215091213000243
1.3692338096657188,0.7173994297358074
-0.14017765804825988,0.4142442497077059
0.1375035237499347,0.47782767266892145
-1.3692338096657188,-1.3152340887272032
1.3320760502634448,1.5232785588577213
1.3479233034203064,1.0237078186400268
-0.24100809950379443,0.23685476479150835
-0.18442457113742705,0.9846285430702146
2.884522782580064,1.8019841386892965
0.6646513893503156,0.30510682715708903
-0.6918777046376685,0.10515735993437358
0.23446525363702353,0.6609038141766731
1.1375035237499351,1.2158347228545376
0.3870231231092469,0.9855546522855432
0.10691520391651199,-1.638913456409318
1.4594316186372973,1.6552419405659498
3.4474589769712214,2.704058336913551
4.998038483666714,5.9613607972844145
1.8345763907926278,0.5664534835728998
3.0,2.9239627926991627
0.0,-0.3879600432120808
1.7078192485066896,1.2665730425546822
3.0,1.19083635542497
0.6780719051126383,1.1245986709849503
2.0443941193584543,2.7317936230327726
-1.624490864907794,-1.3014665126140907
5.521600439723727,5.11939010104871
0.6674246609131291,0.3831223943545572
0.6322682154995132,1.1230406287859713
0.739848102699328,0.6705226292769433
1.1813297647145617,1.758137653626644
-0.04182017569462726,0.2801493974212629
0.0874628412503391,0.01138713863093796
1.2223924213364485,1.341095047238944
0.8479969065549495,0.3495796076376477
3.6667565918848033,1.531845709180244
1.9757524537533229,0.7486659066189814
-2.838456139345344,-0.6712436503344809
1.0984037040609946,0.589234516284718
-1.3667823306716231,-0.8006016611786412
-2.8073549220576046,-0.4857596950404225
-0.6214883767462704,-0.12761965011575863
0.4150374992788439,0.18806929266782346
0.6780719051126378,0.5062430561139191
2.2143191208007664,0.7125406156504687
1.4947646917495785,1.2541772889814786
0.0,-0.7809920663569518
-0.14438990933517548,0.2976374515708664
0.6280312226130418,0.8743218774661773
0.0,-0.22351914350384333
0.4680447489420061,2.6744149570009705
0.925999418556223,0.9516621920959591
0.23446525363702353,0.1407625328790335
-0.20163386116965043,-0.6125770648472711
0.6374299206152916,0.8359491857108918
-0.3219280948873626,0.11235358609765544
0.43063435432986186,0.17731337591283358
0.5849625007211561,0.38503806158601195
1.6520766965796931,0.9964026764939428
0.8650704199138914,0.908239975019071
0.0931094043914813,-0.9989629015896773
0.5849625007211561,0.4727660620770612
0.485426827170242,-0.7433585677597212
-0.8073549220576046,-1.3083934322700759
-1.669851398307669,0.08186254807784063
-1.9751966089994273,0.2517377733416811
0.9652345818393231,0.4296408708232152
-0.6100534816839867,0.3690352252939011
0.34792330342030686,-0.7500172607251132
-1.3698380798487477,1.4809927809747516
0.0,-0.6431475366503222
0.0,-0.7364610642156892
-0.13750352374993513,-0.5213136073693301
0.5849625007211561,-0.226128592915676
-0.04890960048094595,-1.1743256787391196
-0.19264507794239583,-0.048840114083174235
1.7224660244710912,0.45352217278375206
1.6322682154995127,1.5713737558339989
0.1375035237499347,-0.06893211414608567
0.7062687969432906,0.5509098316288793
0.23132554610645517,0.519622446494756
0.0,-0.31714999617507456
-0.12553088208385876,-0.17050604166218464
0.6291623046316914,1.2908725842061148
3.862273820945836,3.382155253910525
-0.4150374992788439,-0.46749956098253836
-0.3677317845004868,0.28770132610790117
-0.3219280948873626,-0.047001564649422845
0.3219280948873626,0.6430327438941558
1.0443941193584534,0.300363518803387
0.9328858041414634,0.272841785412832
-0.1154772174199361,-0.4481866110103594
-1.1699250014423122,-0.20407543624460134
0.2995602818589078,0.536433031365417
1.782562460606317,3.048377226490512
0.20645087746742652,-0.07619939746644865
1.3692338096657188,0.6258000446608549
0.7218981460772644,1.1979135411473734
0.6731896837328915,0.31463594438539366
0.8479969065549495,0.4076108346499001
3.9835118772114306,3.198467159282403
0.9541963103868749,0.6509735018295532
0.8624964762500653,0.6358003578502118
1.0766212816029128,0.9461988979548357
0.8300749985576878,1.4525392094615865
1.8345763907926278,1.1239967476014827
-0.6629650127224291,-1.1316239787648912
2.8194277543581796,2.222199300913493
2.2976805486406855,2.493528833317233
1.0000000000000009,0.8982661207492615
1.4947646917495776,0.7746042836431055
6.199672344836365,5.367390244175234
0.7842713089445628,1.589631862067041
0.8073549220576037,0.03998203116658335
-0.2223924213364481,-1.0788444894848281
1.4594316186372973,-0.2789210579702699
-0.3677317845004877,-0.29327424238271416
3.4474589769712214,2.586714194743139
-0.5849625007211565,-0.31631840942783973
-0.8930847960834876,0.25392430619972384
-0.7369655941662066,-0.6593609160722786
1.6280312226130418,1.3324181838639915
1.5405683813627027,1.738925966473304
-0.24100809950379487,0.11289283714253018
1.8744691179161412,1.8895463772323242
-2.8744691179161412,-1.97520705711732
0.4768136968655341,-0.28387218299773936
-0.12553088208385876,-0.38214498782864803
0.8073549220576046,1.3778121770955998
-0.19264507794239538,0.4742241797180905
0.34792330342030686,0.22353518816365603
0.485426827170242,0.4375067226327325
0.0,0.7913152452849768
0.22239242133644765,0.7271153974302643
1.1813297647145617,1.9100446964012454
-0.768184324776926,-0.24492159998528124
-1.0324214776923775,-0.3217558695140469
0.0874628412503391,0.062154073538779685
0.73050334353651,1.2354995646298326
1.8345763907926278,1.5749941922466595
1.0671141958585366,1.3705056636206958
1.9757524537533229,0.6822326302266675
5.954196310386875,4.137533759922046
-2.838456139345344,-0.5707561822979198
6.742692205193163,4.2185177616293315
0.9284467389749667,0.6887068531633332
0.4150374992788439,0.3184314736942686
0.24100809950379487,0.26838670976105106
-0.04439411935845339,-0.0198000628507414
-0.12553088208385876,-0.22260162210200618
0.9663168737437111,1.4242155031783665
-1.0506260730699677,-0.010088282944688665
-0.10691520391651199,-0.5056033883559665
1.6322682154995127,1.691255123410767
0.951090399519054,0.9388089588281034
1.485426827170242,0.8790419999708339
-0.4150374992788439,0.5187928759676463
0.23446525363702353,0.32589868649918363
1.9411063109464317,1.224861234041264
3.4069641987431627,2.333110884300151
0.0,-0.04732993242980353
0.0,-0.6636180991742536
0.900464326449085,1.0116017572203115
-0.7725895038969277,1.346721653952829
0.19930880822340669,0.4330345872664327
1.6229303509201771,1.4446190338144698
-3.1497816176464823,2.392684797005045
0.0,0.18395348974224254
0.8650704199138914,0.8399094340512914
0.7062687969432897,0.18695676463857303
-0.1643868179008816,-1.301172461507466
0.7631080089684374,1.9181665953032951
0.18641312423088152,0.10257083832534865
0.19264507794239583,0.027677855456061717
0.3014297845708045,1.081163417785001
0.23446525363702353,0.5903797362525549
0.2995602818589078,0.5282327805561244
0.8845227825800648,0.891411602942907
-0.362570079384708,-0.5934930664852319
-0.7104933828050148,-0.9071927968152327
-0.04890960048094595,-1.529540734010557
-0.19264507794239583,-1.1143531425927102
1.7224660244710912,0.46100259031072754
0.13750352374993557,0.3127166883560119
0.0,0.35476659464714494
1.087462841250339,1.7442550004541335
-0.44057259138598104,-0.530299432378507
0.1375035237499347,0.08778800482404268
-1.0506260730699677,-0.9960659889838938
0.09953567355091453,-0.005468586728321512
0.5405683813627027,0.6818247744208497
0.6026645024546156,0.09254730638470224
1.4947646917495776,0.6089735876441158
0.8667334691365358,0.7078620555930093
2.4232114307245443,1.6802876533624238
0.728697978182606,0.9515652916523006
2.415037499278844,1.0080669750930475
1.450661409009565,0.7016668304909358
1.1699250014423122,0.5475760696634054
2.299560281858908,1.8403375422833972
0.10691520391651199,-0.601196434772051
0.3219280948873626,0.5732534870173288
1.3692338096657188,0.6566307466510614
0.0,-0.8852523927909892
1.865070419913891,1.3619334988723795
1.2537565922457827,0.6983753397464012
1.0000000000000004,0.8387860408622052
-0.11547721741993477,0.4888386804442452
0.8339900485610707,1.1607377017797695
-0.26303440583379345,-0.1737826309555297
1.387023123109247,1.6278675804499554
0.2837929660005907,0.41264816236918755
-1.295455883526171,-0.8984326581655583
2.0,1.5047047862925462
-0.24100809950379443,0.03343759181486582
-0.44057259138598104,-0.3111619707627633
1.2223924213364477,1.3006957396153034
-0.562936194391157,0.35863279230995465
1.1375035237499351,1.281106217632883
-0.20645087746742652,0.12168258679085642
0.3870231231092469,1.0186928693874413
3.0,2.9479232710044516
-0.09019780897157847,0.29697044287781355
-1.5215371205795227,-0.26439419025269345
-0.2801079191927349,-0.719697756696723
1.6918777046376685,0.6329522300325565
-1.506959988719883,-1.5785020311979574
1.549338590990435,1.9502716022202162
-0.3219280948873626,0.5609262344454155
0.24100809950379487,0.312751080716955
0.0,0.27724966048453514
0.6214883767462704,1.0374613510274593
-0.24100809950379487,0.10202030187937261
0.6674246609131291,0.36385724307905787
-0.44057259138598104,-0.6097764875898726
2.0356239097307216,1.2352715892181199
2.0443941193584543,2.6468769246961763
2.9360369412680347,2.6499060591054384
-1.1468413883292707,-0.007652019700359336
1.0766212816029128,-0.5331498600514529
5.529820946528696,3.6174239105340553
1.7190991733726917,1.7138033526100789
0.0,-0.47311929362609356
1.4947646917495785,1.2991829242201955
0.3410369178350665,0.777963615347081
0.15488560197817147,-0.5647081178020094
1.3692338096657188,1.1298616112124709
1.2274104961030723,0.9346827687206543
0.0,0.09627656198628334
0.6322682154995123,0.16798044608755483
1.054447784022376,-0.2507817586030441
2.155278225477911,0.7931028663204335
0.5849625007211565,-0.2051921985633978
0.9541963103868758,0.819030190332251
-2.4208431209600496,-0.35929965873369196
-0.9634741239748861,0.666786364254113
0.13750352374993557,0.20070587609171303
1.3479233034203064,0.7779918933287291
-0.2223924213364481,1.0572061648339264
0.8073549220576046,1.3273935524004197
0.0,0.26069535974156444
-0.5405683813627027,0.604893469955694
1.0984037040609946,0.5951866511460968
-0.25153876699596367,0.20943253406455456
-0.9098021910284215,-0.014628542312741527
0.5405683813627027,0.5690640654426627
5.228818690495881,3.6062588321409716
-0.025686643663648923,0.18160275606770215
1.0931094043914813,1.4028951435780221
0.2630344058337939,0.19183389419383567
2.2143191208007664,0.8158042851789811
-0.04439411935845339,-0.01151222914472419
0.0874628412503391,-0.06571759366597045
1.6280312226130418,1.581538766256946
1.0747677684019727,1.1740084144806973
2.0752881273042374,1.5103514599896446
0.4680447489420061,2.68409921719367
0.42968427524324504,2.600106030344547
3.7425037777076358,3.4659989062980023
0.0,-0.6426741116492865
0.6780719051126383,1.7492210221400182
0.0,-0.21324331244556946
-0.2995602818589078,-0.3085914220589653
1.2334901302197778,2.5232702671510157
1.7224660244710912,1.0373705024406217
0.8650704199138914,0.6008592917660529
-3.1497816176464823,2.4342550471219084
-1.0324214776923775,-0.2927673130585057
-0.029146345659516015,0.5801241942514639
0.7062687969432897,0.6772957985397786
1.8073549220576042,0.8954705597426315
1.4947646917495776,0.4438466136371634
1.087462841250339,0.563341607130319
-0.5820799921880342,-0.7284913967047941
6.199672344836365,6.353437286495961
1.0911478880581953,0.5420281871258943
-0.20163386116965043,-0.20738403193409283
-2.174774401103708,-0.5895542152933095
1.4594316186372973,0.16742597942763138
-0.13750352374993513,-0.576078127787333
0.5360529002402101,0.6905462218707608
0.5849625007211561,-0.39277132795877345
1.8073549220576042,2.3499348303140586
0.8845227825800648,0.7330336959404421
-0.04890960048094595,-1.3673436619397963
-1.506959988719883,-1.4789940363541032
0.0,0.29327008851714076
1.387023123109247,1.869864341093438
2.7369655941662066,2.7359713848713394
1.0473057147783562,1.0200858538143447
-0.18442457113742705,0.32122044678012074
-0.3575520046180838,0.43271747846182623
0.0,0.080888152577427
1.432959407276106,-0.38092999729531907
1.0,0.3314068828162303
1.3575520046180838,2.207259200968706
1.8981203859807865,1.6743086421799773
0.6026645024546156,0.08822544810411168
1.6780719051126374,1.7953557790335177
0.31034012061215055,-0.03198044687304545
-0.4150374992788439,-0.27234736382783614
2.415037499278844,1.0800132859421656
-0.6438561897747244,-0.1769292054618501
0.5405683813627027,0.13151044626473407
0.485426827170242,-0.2037558539827815
-0.04580368961312509,0.5971102331103437
2.0356239097307216,1.148275671239941
-0.2801079191927349,-1.3829443634648877
-0.09019780897157847,0.18339793475890476
2.0752881273042374,1.1959457185114404
0.361336479445598,0.4265422504120141
1.912537158749661,0.865795269222356
1.1069152039165115,1.418890990826775
1.087462841250339,1.7858711533876572
0.4768136968655341,-0.23660423282764062
0.3692338096657197,0.4961483326963947
1.2537565922457827,1.0023691462200657
0.5618788876081151,0.036349792781469645
1.0911478880581953,1.1096885764624411
6.295233228221941,4.11880577357998
1.1805722456418204,0.8540263697847691
0.20645087746742652,-0.10272946028495523
1.0000000000000009,1.0991867853431763
-0.2115041051937121,-0.03451906929129178
1.2931963763440457,2.496857920916074
-1.7776075786635523,-0.5836769116250285
-0.7776075786635519,-0.7762810340561599
0.0,0.37537072124020904
0.947532580105864,0.39851755480989515
0.8624964762500653,0.7065020547743727
-1.415037499278844,-1.523476810607338
0.11735695063815843,0.7294486822415195
-0.4150374992788439,-0.3182863473565034
3.6293566200796104,1.6534823430291394
-0.8556100906648245,-0.7801178060921304
1.8744691179161412,0.6378289781746713
0.0,-0.40634057868987145
-0.9434164716336322,-1.1886875740645515
2.3074285251922477,0.8205660418639601
3.355480654598389,2.1528737685991333
0.8073549220576037,-0.005569852875626487
1.2223924213364477,1.5330444684292408
3.0,2.349699892723338
0.5849625007211561,0.23465642759058059
3.4474589769712214,2.7732935581974694
-1.0588936890535683,-1.0550697854745257
1.0159415438690216,1.1992374349274204
1.549338590990435,1.8939182429249701
0.9289169019385177,2.103568924291859
-0.24100809950379487,-0.5121230773116278
0.6374299206152916,0.915045027601159
0.6780719051126383,0.5115663379681117
0.4854268271702411,0.08676545624570801
2.048909600480947,1.8364419698846526
0.19930880822340669,0.47280476400908833
3.9835118772114306,3.5388395899333203
5.521600439723727,5.009103905404099
0.8073549220576037,1.1365123855734895
0.739848102699328,0.7881755705507758
0.07038932789139807,0.7249383559457279
0.22239242133644765,0.5577238463117107
0.28010791919273537,0.6888467915717549
0.09621531525930305,-0.224033612094175
1.7589919004962051,1.363980820881997
1.2370391973008492,1.0702420459127775
0.7884958948062879,0.6492744239567925
0.3923174227787607,0.45665121585738483
-3.3484003062485534,-0.3529889631549394
-0.5405683813627027,0.5778863465771402
0.7884958948062879,-0.11262488248301072
0.44057259138598104,-0.4998729633231732
-0.025686643663648923,0.45108571478846105
2.2143191208007664,0.8140584074061897
-1.880418384247327,0.40863994217074645
0.0,0.8195249052965115
-0.547487795302493,-0.294594626715176
0.5272470028648693,0.7141538827186578
1.6322682154995127,1.6903980433859818
-0.3219280948873626,0.07126422261808396
1.3692338096657188,0.6603798257223054
1.2976805486406855,1.1836181831568229
-0.5405683813627027,-0.4560570519637259
2.292781749227846,1.8079705513745874
-0.09019780897157847,0.06302664140125108
-1.432959407276106,-0.9947862121819153
4.866248611111173,3.3131718570009134
2.752072486556415,1.4887488256693333
-0.07038932789139807,-0.6070113425725301
1.7264349266740364,1.1179940260011656
1.415037499278844,0.8413403878927483
0.0,-0.3524086723986273
0.0,2.283309869270265
-0.3219280948873626,-0.3754395552108254
-0.4474589769712214,0.3161632337211505
0.400537929583729,0.23420884365237946
-0.12553088208385876,0.05883039107850596
1.3504972470841325,0.34963531232751244
0.21008552588483376,0.3675688917436115
0.22948184612276723,0.13999918734817945
0.4150374992788448,0.9313058850575563
-1.0641303374197157,-0.8608119261326052
-0.6214883767462704,-0.9875460588425184
2.9068905956085187,2.7588660432233376
-1.5052353082504215,0.004850173460163879
1.087462841250339,1.7268040526988409
2.7369655941662066,2.5913753324020474
-0.6918777046376685,0.04231587714669871
3.3219280948873626,2.3124475590321203
1.3692338096657197,1.4036511985815066
-0.18442457113742705,0.300645446388447
0.7533600324168752,0.4994635353507936
3.4474589769712214,2.7162689203977424
-0.6374299206152925,0.14710217299102435
6.199672344836365,6.491866953714242
-4.253341009629951,-1.3842105907379234
-2.8137811912170374,-0.6635608798302661
1.054447784022376,0.7332257078573203
1.1096244911744986,1.4740049365129213
0.7062687969432897,0.059253832586391844
-0.2223924213364481,-0.901622565776539
0.6951454184715784,1.041545340152762
1.4863986662375677,1.964667279906108
1.6322682154995127,1.8772256102165583
1.1069152039165115,1.6417420117870354
-0.5849625007211565,-0.5639952173765459
0.3219280948873626,0.6282985485399581
6.06216882108643,5.58468605024923
-0.7500217469916528,0.10360346368273418
1.1805722456418204,0.9707802534074905
3.5849625007211565,1.5629065275002214
2.0356239097307216,0.9421158039820832
-1.0,-0.4161549416023911
0.3048545815284216,0.5761998478440521
1.2537565922457836,1.0289267083038733
1.6780719051126378,1.3022459126581314
-0.6280312226130418,-0.8102619098264101
1.415037499278844,1.4413725453170163
-2.20013961448932,1.5381258483194125
1.3575520046180838,1.2188611914963767
-1.1069152039165115,-1.3885469856094304
1.7264349266740364,1.4177214662184177
-3.716207033999409,-1.3550261208390366
-0.16992500144231126,-0.14386403132548148
-0.584962500721157,0.25994199940907337
1.3692338096657188,1.1850516367560349
5.714245517666123,4.701636270457841
0.3719687773869582,0.7328173111963543
0.3870231231092469,-0.15444543824107487
3.6293566200796104,1.8935102238291732
0.2223924213364481,-0.10917867334958697
0.6646513893503156,0.21539834968951577
0.6780719051126378,1.5531499092536567
-0.28950661719498516,0.4653856520493723
3.355480654598389,2.1480133378632154
0.7369655941662066,0.32191579858883856
1.2223924213364477,1.4297830845245814
1.6918777046376685,0.7098979972689978
4.998038483666714,5.932196524508796
1.8345763907926278,0.7084633385235714
-0.1375035237499347,-0.33792302155909154
-0.16992500144231215,-0.7836387607761084
2.4069641987431627,2.233743112220992
0.6214883767462704,0.2912086927776434
1.4069641987431627,2.315752839827447
0.29956028185890826,0.8790575205857152
0.24100809950379487,-0.47715032341884006
0.7842713089445628,0.623341565271719
-0.45720695352278273,-0.030367107568088567
-2.3471653863863855,-0.8316287690472469
-1.415037499278844,-1.407007660240953
-2.8744691179161412,-1.8484166337442725
0.0,-0.4879416623200774
1.0931094043914813,0.8662774059734224
0.8073549220576046,1.3881292509803553
0.34792330342030686,0.1379579634872634
0.24100809950379487,0.341381606060458
1.8639384504239715,1.2158803048355749
-0.023586820317616386,-0.07808233842977917
0.0874628412503391,-0.03860736978568631
1.502500340529183,0.6974239288209009
1.211504105193712,0.3928483582132928
0.2995602818589078,0.5152525899992306
2.0976107966264217,1.2590321668919773
1.3479233034203064,0.8876427154968741
0.8479969065549495,0.3128587086769882
0.3923174227787607,0.2871893617633623
1.9757524537533229,0.597279030850075
0.6023445789493929,0.9346550738234802
2.0356239097307216,0.8216614095876483
0.5405683813627027,0.5372528084736026
-1.1636660109706298,0.039964223363449576
0.2995602818589078,-0.6738732768384458
-0.21299372333419786,0.9183490138979217
0.8667334691365358,1.0829616265174846
-0.10691520391651199,-0.49526509218508763
-0.20645087746742652,-0.046217236450879384
0.0,0.38950678799310734
0.6374299206152916,0.8972996321789405
1.3320760502634448,0.3758866989619768
-0.5376567859427999,0.618539350928296
-0.8981203859807865,-0.31505100775906597
1.8073549220576046,1.657577130080857
1.6280312226130418,1.35351109018077
1.7232906572691302,1.9686153867773852
0.23446525363702353,1.699780387972814
2.087462841250339,2.2643783162004927
0.7631080089684374,1.9192849141620478
0.5525410230287786,0.8563190889296213
0.0,0.2754246389534373
-0.12553088208385876,-0.036578125274080234
0.0,-0.836049380686396
-1.9751966089994273,0.21402338917265837
-1.3698380798487477,1.8448635056622804
0.13750352374993513,0.5562546726132972
1.2537565922457827,0.6636535693851211
-1.8402195559632313,-0.415486735135865
1.8073549220576042,2.2583452533535344
-0.7104933828050148,-0.9331872036579731
-0.022900402110078488,1.6977829010653764
-0.6629650127224291,0.03789743199585627
0.0524674198941355,1.2846578216873092
1.0740005814437774,1.858292965837966
-2.023083613113042,-0.683016000052316
0.0931094043914813,1.017962042600419
0.26303440583379434,0.1212700217123054
0.9541963103868749,1.0349239472322895
-0.18442457113742705,0.2591386618518524
0.8744691179161412,0.511502497239149
-0.6374299206152925,0.06396068555617614
2.3985493764902746,2.149627020242742
3.966391607357181,1.442580326177072
1.2630344058337948,1.1640147930588278
-1.0,-1.0658079747744398
0.13750352374993513,-0.06663451001535248
-3.6304771599735246,-1.8878384352913282
1.1805722456418204,0.6635733463295325
-0.3677317845004868,0.17097622737991947
1.450661409009565,0.7146173523480146
1.0703893278913985,1.6632595859234627
3.9835118772114306,3.6840207844180624
1.415037499278844,0.7974396435283759
0.3219280948873626,0.6792296129236284
0.0,-0.6310184056460786
-0.7776075786635519,-0.6752890690945149
0.4150374992788439,0.19785378477749394
0.24616058726939727,1.4410692461599899
1.9601072728764866,1.2503305534755267
2.0752881273042374,1.1316381277109002
0.0,-0.8486564221847599
1.3692338096657188,2.1256617250821623
-1.0000000000000004,-0.6629608153766477
0.9328858041414634,0.2946365976935642
0.7842713089445628,0.4591294110664553
-1.1699250014423122,-0.1482531176586377
1.3575520046180838,1.0436419498478344
-1.8981203859807865,-1.1006605960795135
1.6571122864769916,1.7487208031586623
-1.912537158749661,-0.713782041739937
0.900464326449085,0.31350951496779
-1.7776075786635523,-0.6093915623247778
0.9541963103868749,0.7792172985948895
0.10187961401921353,0.3653488604159406
0.0,0.6188149280269174
0.0,-1.4609407320704073
5.228818690495881,3.671656613244771
-0.10691520391651199,-0.045945846252694544
2.0443941193584543,2.595850115348502
1.0,0.03203446806977939
-1.6844981742720706,-0.7698291455077243
-0.2223924213364481,-0.9611575760617574
0.24100809950379487,0.372577970090761
1.7078192485066896,1.2053763663760848
1.6229303509201771,1.2335268151522667
-1.5052353082504215,-0.06185603491754476
0.6780719051126383,1.0611935440256046
0.24100809950379487,-0.633309559109665
1.7589919004962051,1.408727422903413
1.6322682154995127,1.1580992422567356
-2.8744691179161412,-1.8753033330919617
0.0,-0.5207847925079454
1.6322682154995136,1.1317065568712725
2.2630344058337934,1.5281347476145604
0.584962500721157,0.7284022573322995
1.5525410230287786,1.2709586255222134
-0.4854268271702411,-0.4254415602723372
0.8845227825800648,0.8076191340384029
-0.19264507794239538,0.4034852382642673
0.34792330342030686,0.2777956031378743
2.155278225477911,0.8227848890347272
0.09621531525930305,-0.16919114423509662
0.0,-0.9545959907675536
3.5849625007211565,2.283776737179365
1.087462841250339,1.3339643153547034
0.4150374992788439,0.13756908272171928
1.054447784022376,0.48105408820898127
0.0,0.3350467184542917
1.0984037040609946,0.6197472703606053
-0.6605135337283334,0.361137509370588
-0.9068905956085187,0.06713654806149193
2.1935375586642634,3.3590255309207455
1.0931094043914813,1.579977098426299
1.9754776808659313,2.6160953178621296
-0.04439411935845339,-0.05573179799719488
0.9663168737437111,1.5643611863001499
0.7182290315846203,1.5089646792409281
0.5145731728297585,-0.48114981513349586
0.5272470028648693,0.7284319153536972
1.0747677684019727,1.3432379214784702
2.0752881273042374,1.3677021033810894
0.1154772174199361,-0.9165741542880396
1.3320760502634448,0.5109809791673275
1.0740005814437774,1.750502156366433
-0.8981203859807865,-0.4095214356500925
-1.1076089740865953,1.612706076615375
1.7232906572691302,2.073539364838276
0.0,1.5241104760062343
1.5525410230287786,0.7169476880974402
-4.832890014164741,-2.0537165837458686
1.3479233034203064,1.8099279162974078
1.8073549220576042,0.9812689177013537
-1.7776075786635523,-0.6451824657060855
1.3667823306716231,1.8202553156291095
-0.6100534816839867,0.23973618535664554
1.087462841250339,-0.087383800845487
0.23446525363702353,0.6350189849017523
-0.5594274086140185,-0.6600826688192396
1.7127180479195294,1.2151341108318454
1.0766212816029128,1.7908837427966486
-1.8402195559632313,-0.39274620001301813
2.9068905956085187,2.65677325396758
-0.1154772174199361,-0.04604539393970031
0.6026645024546156,0.3287336491320777
-0.18442457113742705,0.6848238073741333
1.4195388915137839,1.6825956988582027
0.09953567355091453,-0.011446626778242042
0.0,0.48114486317169747
-0.6374299206152925,0.14080211696004916
3.966391607357181,1.2553128530804432
0.4150374992788448,0.8214806623842092
-0.8744691179161412,-1.0728941347033998
0.5272470028648693,0.4674088853723092
1.1096244911744986,1.6111475447286507
0.0,-0.667986639701208
0.7062687969432897,0.09848928933601546
0.6291623046316914,1.4475422267163305
-1.0,-1.1075796124343218
0.5405683813627027,0.6357760633681934
-1.263034405833794,-1.4840669246103888
2.350497247084133,1.2424608259251002
0.6623045892543207,0.6553263132089587
-0.04580368961312509,-0.13074393673563958
3.4474589769712214,2.867868648975202
-0.04580368961312509,0.7814339400721614
1.4854268271702415,1.2304973294175676
0.4651227307151524,1.7501414066833985
-0.2801079191927349,-1.2113207062118398
1.3479233034203064,1.24152554813
0.3692338096657197,0.6649681495374685
0.6780719051126383,0.8780516686986302
2.2976805486406855,2.373724565183647
-2.174774401103708,-0.8062461718231412
0.4150374992788439,0.2206416326766698
0.6214883767462704,0.8214140168068609
1.2444187276664471,1.769787367496992
-1.1332665308634642,-0.20052037199274012
0.6322682154995123,0.316230580932664
0.2837929660005907,0.44522688379096
-0.6280312226130418,-0.07431806955835124
5.714245517666123,4.6691428438652265
0.0,0.6734661924012094
5.392317422778761,3.20944332306368
-0.7045441164738291,-0.01313510005973222
2.5800720043740837,3.853167087563877
2.2976805486406855,2.6228002566875435
0.7520724865564148,0.4104780641418102
5.228818690495881,3.552904244381626
1.765534746362977,0.9445749668783168
2.3074285251922477,0.8998104238096529
1.1255308820838597,0.8326986130965158
-0.3219280948873626,0.06587652323093507
-1.0588936890535683,-1.0308330585572354
-0.3312059084753738,-0.1315464526228527
2.3074285251922477,2.6355542348230516
1.6780719051126378,1.319564807358202
0.06926266243711332,0.5301450576445219
0.8744691179161412,0.5370001814765152
1.0766212816029128,-0.1450892461644394
0.0,-1.4589715586173757
1.0931094043914813,0.9445473299344921
0.0,0.15647003827363515
1.8639384504239715,1.232754919974916
1.9411063109464317,1.27502688094977
0.3923174227787607,0.1344838585642042
-0.04182017569462726,0.2729502056910773
0.9541963103868758,0.8408917634288925
-1.4594316186372973,-0.8805892337237444
0.44057259138598104,-0.44238624250129593
1.0671141958585366,1.5761544240525045
-0.8231222379159209,-1.3165354819451307
1.8826430493618416,1.289315965411793
0.3048545815284216,1.2691415150627223
-0.6214883767462704,-0.08976537313904581
0.0,-0.6550102757116063
0.0,-0.12398582001809379
-1.1053530001462288,0.8757911520572739
0.0,-0.33855310612035533
0.4768136968655341,-0.11982820353077991
-1.880418384247327,0.5818904045981148
0.07800251200127306,-0.44285235936511747
-0.20645087746742652,-0.03142850013353371
0.925999418556223,0.906604217466462
0.23446525363702353,0.23545981270681526
0.4150374992788439,0.7257248664081359
-0.9284467389749667,-0.3863460695424544
1.6229303509201771,1.2381758470064796
-1.1076089740865953,1.663847847819052
1.1069152039165115,0.5136200579357311
0.7062687969432897,0.4555843043770377
0.44057259138598104,0.1663221809676323
0.0,2.352247409077176
0.7062687969432897,0.5060672108089538
0.5849625007211561,0.39302444767899214
2.087462841250339,2.2395622318311212
-0.8073549220576046,-1.2508142433996698
0.0,4.079630519238753
-1.9751966089994273,0.28766575834546615
1.4854268271702415,1.2624147525501606
1.3923174227787607,0.8133898998296903
3.9835118772114306,3.674072113156045
-1.3698380798487477,1.5636979133823483
-2.057715497856287,-0.1971278673955792
1.1699250014423122,0.5797958205739937
1.7520724865564148,2.0879290212811883
0.8744691179161412,1.18010336453001
-0.04890960048094595,-1.0585976537151276
1.1375035237499351,0.9346939831692008
0.584962500721157,1.4427604501152804
-1.1312445332782524,-0.12289678749619815
-1.7041342016988343,0.2834236102539695
1.1375035237499347,1.272557859006025
0.0,-0.23903996385801674
0.4150374992788448,0.7950845740138031
1.0703893278913985,1.3604968679126728
-1.0,-1.1156819594082688
1.4947646917495776,0.6948891747262471
-0.4150374992788439,-0.32273955901282625
3.9835118772114306,3.2453731111494317
2.415037499278844,1.1466720191525588
-0.04580368961312509,-0.08982326581207904
3.4474589769712214,2.6237939842127522
0.3219280948873626,0.7020162574615487
-0.34792330342030686,-0.8980489694325202
0.15200309344505047,0.2842472026651535
0.900464326449085,0.9860777782638743
0.561557896386212,0.3745322595823588
-1.85466063683596,0.4570426216127953
1.3692338096657188,2.251261840693892
3.5849625007211565,1.9900071384048341
-0.793549122532573,-0.05944545020722015
1.912537158749661,1.2782810917301175
0.3923174227787607,-0.15221209185923262
-1.1699250014423122,-0.1782075944132222
2.5226437243250137,3.0994482143869266
0.06711419585853662,0.4760643242807068
-0.17508670655809144,0.432247072660145
0.6731896837328915,0.24472395322396812
0.24100809950379487,0.23346172932583542
1.2931963763440457,2.542991359198286
0.0,0.69932065388745
1.3692338096657188,1.0395097578326526
0.0,-0.18992177931583432
0.3870231231092469,-0.21468063472229598
1.8744691179161412,0.910654763937937
-0.3219280948873626,-0.27611297089060377
2.4863986662375677,1.7954569203966102
-0.055141554192460696,0.22061836184990466
1.765534746362977,0.8726070327224965
-0.28950661719498516,0.3260653082138388
1.6918777046376685,0.9016431977550741
-1.3575520046180838,-0.19217806391106773
-1.0588936890535683,-0.944488171349912
-0.5849625007211565,-0.29512749671748506
2.4069641987431627,2.2757524242703546
1.7078192485066896,1.4316765944293461
-0.7104933828050148,-0.5414931608758684
-0.44057259138598104,-0.7680813020859512
-1.415037499278844,-1.3928367046678503
0.6322682154995123,0.08587153179063767
0.0,-0.6317255550010711
1.1805722456418204,1.2672293516788744
0.8073549220576046,1.4126879809418804
0.49749965947081787,0.1836248848044011
0.485426827170242,0.5434762058268733
-0.768184324776926,-0.29666101647557563
0.0,-1.0204249849629314
0.9541963103868758,0.8520953944178072
1.211504105193712,0.20826203717999622
-0.6166713604484944,-0.4197543323542919
-0.362570079384708,0.23337425044837667
1.0671141958585366,1.2607368594537454
0.9951506003386053,1.7169800323123487
-1.9634741239748865,-0.1717507415341003
0.7884958948062879,0.8254946850068268
0.8073549220576046,1.3301328358942595
1.3692338096657197,1.2728432834620405
5.954196310386875,3.960482914933318
-0.46948528330121997,-0.5253115699437968
-0.2115041051937121,-0.6636515344837007
0.3048545815284216,1.1902102031142658
0.5208321633014403,0.23632970265815845
1.4329594072761065,2.510854200797862
2.2143191208007664,0.8487374082368885
3.0,2.8153460896855584
1.0747677684019727,1.3870271165447512
2.0752881273042374,1.3950059150742786
0.42968427524324504,2.385972949274272
0.9652345818393231,0.509836230155799
-0.8744691179161412,-0.6504585258785898
1.472852134399619,2.5185951987033777
6.742692205193163,3.72687001061458
0.0,0.09605909579920724
-0.32192809488736174,-0.1968589252350985
5.129283016944967,3.3249921306548234
0.4150374992788439,0.4260697735471396
2.087462841250339,2.299156392588478
0.0,0.18943400374839595
2.8194277543581796,1.7424817836384228
2.0,1.1157161617068072
-2.174774401103708,-0.8150395933218954
-1.0641303374197157,-0.9713848519855035
-2.057715497856287,-0.15742753458531178
0.7842713089445628,0.7230301988702112
1.7520724865564148,2.0222222905149225
0.07800251200127306,-1.129068068321918
0.6291623046316914,0.6022466675909738
-0.4854268271702411,-0.8518277979243222
1.971985623830403,2.289948719433217
-0.1154772174199361,-0.1391979698532384
2.415037499278844,1.76521804268832
-2.023083613113042,-0.7867547937037935
1.087462841250339,1.8216071008911598
0.0,-0.4251277102763727
1.4947646917495776,0.5381921168026503
2.7369655941662066,2.4765108813668473
3.3219280948873626,2.069080610877192
0.9541963103868749,1.0446384590537383
1.6280312226130418,1.3241676598017706
-0.547487795302493,0.5786628587139744
2.6907571647437534,2.2423615096365506
-0.4150374992788439,-0.8290458134975739
0.23132554610645517,0.5726517772215458
0.2995602818589078,0.5858550491479246
4.821160721582635,4.8142516503072095
1.2223924213364485,1.0456940151736653
-0.37851162325373,-1.0794312011277705
0.7062687969432897,0.12690764048416198
0.0,-0.20524028141690054
0.5405683813627027,0.623354786467062
0.31034012061215055,-0.027409466057008596
-0.4150374992788439,-0.379240373267497
0.728697978182606,1.3168885449930052
-0.8073549220576046,-0.9185793292288339
0.0,-0.6329617090557131
-0.7725895038969268,-0.32144543803813863
1.8345763907926278,1.1037819934569626
-0.13326653086346418,0.31039365750425874
3.5849625007211565,1.475277959251186
0.19264507794239583,0.2735557990105857
-0.3219280948873626,-0.7732425285322483
0.5618788876081151,0.051379524209495875
1.6322682154995136,1.3157044050563806
0.7589919004962051,0.9740338765415135
1.0000000000000004,0.8184363010274879
1.3410369178350656,3.2879356460727784
-0.11547721741993477,0.47927043217017273
0.20645087746742652,-0.070466126974275
1.7264349266740364,1.4527404996048996
-3.716207033999409,-1.6716189131204073
-0.16175106999661182,-0.025947733829598345
1.4232114307245443,1.3179451729345217
-0.5849625007211565,-0.841757670610203
-0.4043902550793357,-0.1218103613179887
0.0,-0.64234565511895
1.9142701259741162,1.5324173196441049
2.3074285251922477,0.9807868754764137
3.0,2.678046954524511
1.2223924213364477,1.3847489740947077
3.0,2.031092875900501
-0.3219280948873626,0.14874967544587514
0.5405683813627027,0.013313267393945396
-0.3312059084753738,-0.052725709900472
2.3074285251922477,2.6297059906067686
2.2630344058337934,1.5594913456575472
-3.8994731240460356,-1.5301441307592096
1.8744691179161412,1.6669771005220828
5.151309323274965,4.054168824780474
2.9360369412680347,2.655187699575223
1.4594316186372973,-0.048436323967027656
0.34792330342030686,0.5609730381547607
-1.1468413883292707,0.06220642506143226
0.4995710094905119,0.6543787755399103
0.8073549220576037,1.162315734081433
0.15488560197817147,0.8625299809840329
1.0931094043914813,0.9095286663061503
3.1813297647145613,2.4990760187958325
0.8073549220576046,1.2880488167996893
0.14684138832927118,0.7661702144797728
-0.2115041051937121,-0.6512423700359162
0.7484612330040363,0.7232857210478902
-0.055141554192460696,0.26037727947040235
0.28010791919273537,0.5402418736459885
-0.768184324776926,-0.4516668545234157
0.5849625007211565,-0.17008428638560796
-0.5849625007211565,-1.2499084850961206
-0.5820799921880342,-0.4748648540914581
1.2223924213364485,1.3187877540318897
2.8194277543581796,2.2845265072308423
-1.4551946257508268,-0.19004903484457078
1.1699250014423122,0.5944756007352652
5.954196310386875,3.860705244157416
1.0984037040609946,0.6080358349549472
0.7884958948062879,-0.09570171898443203
0.6780719051126378,0.26415512099113636
1.0,0.9602941286093075
1.6780719051126378,1.0531572241333944
0.12553088208385876,-1.1223484448750671
0.5525410230287786,0.07096752723991213
0.0,0.749247927551387
1.6322682154995127,1.7918985844772082
0.0,0.2343264467206528
1.3692338096657188,0.5313855804236914
-0.4150374992788439,0.4526350481982666
1.2976805486406855,1.3165087494157215
0.4150374992788439,0.5331269097501967
-0.20163386116965043,-0.6984302606993684
3.0995356735509145,1.9161638406454577
-0.2995602818589078,-0.3707798396561666
0.900464326449085,0.9166492020177709
1.6520766965796931,0.8585061962101416
0.0,1.0226715505733068
1.415037499278844,0.7015753499963792
2.20212382383046,3.115951017302816
-0.3677317845004877,-0.20167835227409261
0.2630344058337939,-0.18060909440406236
0.400537929583729,0.23641332459913567
3.764286200165719,3.3030212401362213
0.9652345818393231,0.5775103696524053
0.900464326449085,-0.16603329218563187
0.22948184612276723,0.22561592078224435
1.2537565922457827,0.6605971187179089
4.936637939002571,4.813090768075603
1.3479233034203064,0.5298727385134789
-2.057715497856287,-0.23799427841076617
-1.506959988719883,-1.2966092052906844
-2.1413558492455413,-0.9968965468417478
0.4474589769712214,0.42614982113947686
-0.19264507794239583,0.08970073400522716
-0.1154772174199361,-0.1428413041376
0.9951506003386053,1.795174989587617
0.0,-1.7984678289787732
1.1069152039165115,1.0713782520176007
-0.18442457113742705,0.12331211646808966
0.04306872189188571,-0.25594090439380224
2.155278225477911,2.0941032701728943
1.1375035237499347,0.9580292165054789
0.0,-0.12112421946339297
0.7136958148433594,0.9706827223699903
0.2995602818589078,0.5623318376559026
0.5272470028648693,0.6019438726424857
6.114660982580121,4.135222163031188
-0.5405683813627027,-0.48034343312758326
1.4854268271702415,1.7159431065046742
0.15488560197817147,0.6953993605754631
0.5405683813627027,0.7030949932625117
0.6951454184715784,0.8775242226966555
0.0,0.04587085130558047
0.31034012061215055,-0.03199498064432099
0.6780719051126378,-0.12201026473029564
-0.6214883767462704,-1.0434933790289471
2.415037499278844,1.144831893212578
2.678071905112638,2.1108098202799592
3.4474589769712214,2.7139345141991917
1.1420190048724281,1.6791111196812758
-0.6248552278446695,0.008573396870958316
0.4651227307151524,1.7678281107837792
-0.2801079191927349,-1.3027262183004835
-0.4150374992788439,0.26074648028794023
1.054447784022376,0.2526430463385998
0.25929200414797826,2.706981798248208
-0.1154772174199361,-0.5099877149862666
0.6780719051126383,0.978584568533619
-5.314314910777487,-1.8211037986216922
-0.6280312226130418,-0.8234021648497793
1.6322682154995136,1.3504642612425415
1.0000000000000004,0.770971640645096
-0.17508670655809144,0.5276663168931692
-0.26303440583379345,-0.3798262392239973
-1.1332665308634642,-0.3073808691938968
0.7218981460772644,1.3288116744412148
4.121015400961365,2.3710072518266347
0.8624964762500653,0.17102810139611335
1.3692338096657188,1.0858584777898612
2.0,1.2706369086928946
2.884522782580064,2.1122797160985365
6.742692205193163,4.0658761773056
1.5126482959052652,1.5826501859755926
-0.44057259138598104,-0.4092339629257582
1.1822033312207498,1.3815120109197991
0.0,1.9553215060907552
6.199672344836365,5.380942459194141
-0.2223924213364481,-1.023050116883088
3.0,2.319698271648096
2.659730269123129,2.4966333295918126
1.1375035237499351,0.9170602139978709
1.6444635124698186,1.298362877375502
1.034410030785832,0.8405469064572744
1.415037499278844,1.2039916148561267
5.529820946528696,3.7015930861201305
-1.624490864907794,-1.4451881166985394
-0.7004397181410917,-0.9887028416303587
2.155278225477911,1.9977087502781763
0.5618788876081142,-0.2611121195939208
1.971985623830403,1.7798362129541359
0.0,0.15060281214061777
0.6780719051126378,0.3671069956600277
-0.5820799921880342,-0.4797884621684836
1.2223924213364485,1.3499960860971243
0.0,-0.024880072506802797
0.5525410230287786,0.7825360212082753
2.8194277543581796,2.2280950014330356
3.5849625007211565,2.2136135812269666
0.14684138832927118,0.7224898273602367
0.0,-0.26724926430709467
2.659730269123129,2.4850474704701635
2.0356239097307216,0.8267848238639277
-1.3667823306716231,-0.7834177238603998
0.24100809950379487,0.4351649805686688
1.2537565922457827,0.932881842076877
0.0,0.09066458836727348
3.4037221860510094,2.553639362353092
4.764286200165719,3.9217376749560238
1.6280312226130418,1.616133470329904
0.8744691179161412,-0.4004960985429771
0.0,0.2915854583673478
2.0752881273042374,1.2899505203267767
0.925999418556223,1.0612673429889439
-0.07038932789139807,-0.49740167186216566
0.9652345818393231,0.390942934475894
1.054447784022376,0.9868352912661882
0.8845227825800648,0.7243971809888153
0.43063435432986186,0.3627159911552781
0.15488560197817147,0.8840077397000339
-0.9284467389749667,-0.5457430926733591
0.0,0.5028034931933911
1.7232906572691302,1.9711288188567286
0.5849625007211561,0.4677814289803086
1.6520766965796931,0.9458810458596906
1.415037499278844,0.7050496447628168
0.0,0.061305379567966445
-0.32192809488736174,-0.16564709264921335
5.129283016944967,3.322556340451918
0.0,0.3122572282428625
-1.0641303374197157,-0.9455898194269435
0.900464326449085,0.00840017654008561
-0.20163386116965043,-0.37810213604087217
6.5016841056893675,4.30328793720943
0.0,1.3689455627289473
0.0,-0.7953634522436579
1.1699250014423122,0.5104452125728367
2.0752881273042374,0.9584079411760408
2.292781749227846,1.8117646732266444
-0.8073549220576046,-1.0036932763686868
0.5360529002402101,0.7951314609084077
1.087462841250339,1.817382691454476
1.6322682154995127,1.550905442100822
-0.18442457113742705,0.3599752145866601
-0.547487795302493,0.39034643586324336
1.432959407276106,-0.5765677940857019
-4.253341009629951,-1.4487179610272711
2.1658088929700803,2.4250363944276287
0.7062687969432897,0.08609934886358742
1.0761716804854045,2.2999445564621084
-0.9328858041414634,-0.5359379363342313
0.13750352374993513,-0.09846280917979189
0.6951454184715784,0.8611250244056461
1.4461347960238404,1.1264103957503717
0.728697978182606,1.335553022734422
-0.04580368961312509,-0.08604011709244155
-0.5849625007211565,-0.5074004239061218
0.10691520391651199,-0.5982814635397214
1.8345763907926278,1.1574467614655917
0.16046467219324612,0.8891278770329147
0.361336479445598,0.5943521601628885
1.2106019777547647,3.7606051095673854
4.214319120800766,2.4832487464597106
1.0911478880581953,1.247343409790643
0.6520766965796931,0.2953316706339394
1.3575520046180838,1.0134214458131168
1.0000000000000009,1.1029604774299735
0.0,-0.33524489973254384
-1.912537158749661,-1.0938111355580906
-1.3959286763311392,-0.9281979750064875
1.4474589769712214,1.1437863011620055
0.0,0.48366195261754197
1.0766212816029128,0.9399117120544954
0.8073549220576046,0.40308350794599224
-1.8073549220576042,-0.6654728566303589
-0.03394733192333721,0.6407703162027708
1.1069152039165115,1.3433054395424633
0.0,-1.3727498790884483
-0.10691520391651199,-0.9242439182998824
-0.7369655941662066,-0.9800860656601973
-0.20645087746742652,-0.08623584960482433
-0.28950661719498516,0.32214795860673856
1.4069641987431627,1.4515249527930874
1.3667823306716231,1.8769793933398473
1.549338590990435,1.9879763991130193
2.2630344058337934,1.5850190479769461
2.4069641987431627,2.0119897257879087
-0.599462070416271,-0.01342555631809537
0.6214883767462704,1.1855133741444632
-0.24100809950379487,0.10443248965126029
0.6629650127224291,0.04157738455821147
-0.19264507794239583,0.07836127544949245
1.415037499278844,0.8662321708889845
1.4012239239101554,3.019993085545706
0.4854268271702411,0.013948092950565266
2.892391025913404,2.0396579674007715
-1.1468413883292707,0.0728133678881453
-0.2801079191927349,-0.3917431342044311
1.0766212816029128,0.06226579322320985
1.045803689613125,1.161881216965466
0.584962500721157,0.7753314496818066
0.0,-0.6127951404188511
1.4947646917495785,1.1691604180193813
0.0,-0.34841708692069084
0.34792330342030686,0.08590160669997271
-0.4043902550793357,-0.07774005713588598
0.19264507794239627,-0.8527153189869323
1.502500340529183,0.8535066492265329
-0.5145731728297585,-0.38296729580055655
1.4947646917495785,1.278125096393015
0.0,-1.007758908553114
1.211504105193712,0.2336382826037594
-0.362570079384708,0.05550571821796879
-1.9634741239748865,-0.048190612248483866
0.8479969065549495,0.2853337282941849
1.054447784022376,0.6017374553225048
-0.46948528330121997,-0.8291095751625583
-2.8073549220576046,-0.5254259783047236
-0.6214883767462704,-0.14759341429226608
1.2537565922457827,1.0744382960734886
-3.1565044856799904,0.7530288478420554
0.0,0.09930349915879189
0.0,-0.2861346619391062
0.0,1.9425927683389863
-2.839327311795884,-0.07677434873772856
0.5145731728297585,0.8261771756160673
0.485426827170242,-0.13652194572533882
1.7520724865564148,1.8079493901835326
3.7425037777076358,3.477625330507457
-0.5376567859427999,0.5899511403704398
1.9411063109464317,1.77617477655206
1.472852134399619,2.270526931142544
1.6918777046376685,0.7318895686968402
0.33703498727757175,0.6433085945434751
0.0,-0.6944826753096489
-0.7500217469916528,0.15738527132759644
2.752072486556415,1.4616695908495188
1.1069152039165115,0.46479912018102787
-1.3959286763311392,-1.1547857802184447
0.0,0.10825668183594161
2.529253068134868,2.4863736883242638
2.4232114307245443,1.6484834140637088
0.485426827170242,-0.951109436183756
1.0159415438690216,1.1124576021276176
-0.6166713604484944,-0.37770346601837695
-0.12553088208385876,0.06297439347491823
-2.174774401103708,-0.6988178275012775
5.614709844115208,6.346676534429364
-0.2479275134435852,-0.3060782528121566
0.5910990265231071,3.1268027059588834
0.07800251200127306,-1.2514334140052432
-0.7104933828050148,-0.9629724556518431
-0.2223924213364481,0.04007869270554876
1.0473057147783562,0.49882007130173023
0.0524674198941355,1.1028421730963023
5.228818690495881,3.0791785858873473
-1.1069152039165115,-1.3525366829165222
-0.44057259138598104,-0.9054087790787918
0.584962500721157,1.2322793254295983
0.7369655941662066,0.5078587237625544
0.26303440583379434,0.08569083642883359
0.361336479445598,-0.2421113538412022
0.7533600324168752,0.46157851052669674
1.1375035237499347,1.0497782973495506
2.3985493764902746,2.111394576508928
1.3692338096657188,1.0223382429317875
0.2995602818589078,0.5749209745874841
1.0,0.447096147831008
1.2223924213364485,0.9059478243408293
1.3692338096657197,1.043522880506978
1.8981203859807865,1.6269526086987043
2.678071905112638,2.1474036778909094
6.06216882108643,5.525605182257129
5.151309323274965,3.4453051705275914
0.485426827170242,0.6181833023556007
-0.07155326102503334,0.020618096820549252
-0.1154772174199361,-0.4111843762958489
1.280107919192735,1.3404449596314836
0.0,0.5964996183024102
4.214319120800766,2.616806794865838
0.1375035237499347,0.58944143003324
0.5618788876081151,0.04087684967053151
2.603821527972473,2.8039156801525733
0.3048545815284216,0.050116524228284616
1.415037499278844,1.5897093309356038
0.4854268271702411,0.15955955511058037
-1.1332665308634642,-0.12926353818790878
0.0,-0.28065462661477525
-1.912537158749661,-1.087512920628671
0.6322682154995123,0.27599549746775454
0.8624964762500653,0.35730827311553803
0.5208321633014403,0.1378628325675994
0.7548875021634682,0.8020360084376266
0.5618788876081142,1.4393073194882338
0.9759143814756879,0.73800733830571
0.2223924213364481,-0.5757220760402734
0.8300749985576878,1.3988625880594776
0.12553088208385876,0.6425839657969018
1.0984037040609946,0.6416121815866341
0.0,0.0042795258374889455
0.7520724865564148,0.37295767594826923
-0.10691520391651199,-1.0829433187196278
-0.20645087746742652,0.05576500044075983
-1.5215371205795227,-0.1728155220548508
1.4594316186372973,0.03397537561609187
2.4069641987431627,2.3057092515187705
0.6214883767462704,1.0614989412797606
1.6229303509201771,1.2351826593840376
-0.07038932789139807,2.168561399239874
0.925999418556223,0.06813566512505065
0.0524674198941355,0.18836356766089268
1.415037499278844,0.9931454411929648
-1.624490864907794,-1.3552980389624805
0.6918777046376685,-0.08789118534213049
5.521600439723727,5.001488622556784
0.0,-0.6295936491776294
2.292781749227846,1.6191867415435524
1.1699250014423122,0.25668240742581805
0.14684138832927118,0.6974550074036301
1.2223924213364477,1.304790617493507
0.09019780897157847,0.5073606615107307
-0.19264507794239538,0.511278436374792
0.6322682154995123,0.07340792196444025
-0.2995602818589078,-1.0870197122496923
0.0874628412503391,0.08299550069542494
0.9541963103868749,1.281025931646383
0.2995602818589078,0.6128471714167368
0.0,0.07277856195192633
0.6291623046316914,1.3294870702635408
3.5849625007211565,2.242603674751856
1.1699250014423122,0.504493454187608
0.4150374992788439,0.2543212057407311
-0.8231222379159209,-1.3680746662821666
5.954196310386875,3.9144893952253375
-1.3667823306716231,-0.8206375942008417
0.6780719051126378,0.38124870455017157
0.0,-0.2525237064284349
-0.9068905956085187,0.13263548129055566
0.0,0.06388786253457646
0.06926266243711332,0.7203652190309988
0.24100809950379487,0.11556616481124227
1.1069152039165115,0.41807322490773274
0.8744691179161412,-0.31935364515376397
1.1255308820838597,0.8940339313370175
3.0,2.6338122868920193
1.2976805486406855,1.4545523565185674
0.4150374992788439,0.5609458739015846
-0.09019780897157847,0.1884753276939925
0.691877704637669,0.6315536008842154
0.7776075786635528,1.2676371612953679
0.6374299206152916,0.8144383207289926
-0.023586820317616386,0.10152849850415709
3.4069641987431627,2.1396907036067447
-0.8395353278067539,-1.3155587965881348
-0.9284467389749667,-0.7048729871526636
0.24100809950379487,0.5926202589811207
0.900464326449085,1.011162108772167
0.24100809950379487,-0.3354447925214976
3.4474589769712214,2.558205176331426
1.6322682154995127,1.0881586050044922
-0.8073549220576046,-1.1166258390246768
0.18641312423088152,0.2314172639782738
0.0,-1.0180168692570795
1.971985623830403,1.118339345731733
-2.174774401103708,-0.6966477980392418
0.33703498727757175,0.6162417645566296
0.22948184612276723,0.11935834276712778
0.0,1.3368361873987524
-0.5267478867758602,0.4812627645843599
0.6291623046316914,0.578227353157559
1.0473057147783562,0.7420713953892629
1.4461347960238404,1.086028007445259
1.0473057147783562,1.337161160874095
1.6322682154995127,1.6067795591704093
1.0473057147783562,0.9958256652497784
0.0,0.10973152901320099
1.3692338096657188,0.8054074298322904
-0.16992500144231215,0.41962425909671763
0.0,-0.2023887380024941
0.5405683813627027,0.6674353058585075
0.6026645024546156,0.09515504416001236
-3.6304771599735246,-1.953092521365564
0.49749965947081787,0.13997195215872327
0.31034012061215055,0.024027054395972927
-0.4150374992788439,-0.3391171798748564
6.06216882108643,5.553180291664601
0.561557896386212,0.3111814653633803
-1.0000000000000004,-0.719722222775884
0.25929200414797826,2.748907185195378
-1.0,-0.44551215354352225
0.12553088208385876,-0.35216513267408
0.7842713089445628,0.43723200215498215
3.5405683813627027,2.3411484623957515
1.2537565922457827,0.9996477834061799
-1.1699250014423122,-0.22268207065488488
-2.4208431209600496,-0.4619370312262853
-0.8624964762500653,-0.37459007388181753
0.6780719051126383,-0.05844175785054785
-0.9840584561309784,0.35890345630315784
-1.8981203859807865,-1.1966425912417031
1.0000000000000009,1.0579234200931011
0.0,0.3886751895995065
-0.44057259138598104,-0.8655529035333775
1.0766212816029128,0.990907460554437
6.742692205193163,4.2289284313265725
4.266786540694902,3.4314088020019318
-0.8556100906648245,-0.8946244789731256
1.6229303509201771,1.5449345220851534
1.0984037040609946,1.1119982697819464
0.0,0.5029344290003468
0.6780719051126378,1.472446588680039
1.1069152039165115,1.341764862703434
0.0,-0.3262856340237764
-1.1636660109706298,0.09176203988787097
0.5849625007211565,0.014445150507023854
-0.10691520391651199,-0.8605522434435923
2.3074285251922477,0.8921573986705774
0.8073549220576037,0.061343507250204134
1.6322682154995127,1.0204257953925593
3.0,2.2666258644715525
1.8345763907926278,0.6935646509782674
0.27207954543680124,1.668278101646715
0.4150374992788439,0.24776324458954435
-2.4947646917495776,-1.6491852176770398
2.4069641987431627,2.0792807015809736
1.8744691179161412,1.700687005213923
0.6374299206152916,0.857725840135972
2.0443941193584543,2.5533423709370693
2.892391025913404,2.0951698865183497
-1.2439255828860896,-0.482057984491738
0.34792330342030686,0.4187358135326156
-2.8744691179161412,-1.7968798763509202
-0.2801079191927349,-0.4872122386142713
1.415037499278844,1.1810498352827352
-0.547487795302493,0.1454078005847923
0.6918777046376685,-0.10759167458215754
1.6322682154995136,1.029497668234574
0.5618788876081142,-0.31652823044500966
1.7655347463629765,1.7466989501071275
1.549338590990435,1.337403601112579
0.5849625007211565,0.10455288806535601
-4.105534414172357,-1.7400921261945879
0.4854268271702411,1.0586146019181895
0.3923174227787607,0.20099091950229633
1.2223924213364485,1.4601908760391957
0.3219280948873626,-0.09542880553041534
0.13750352374993557,0.4608170327416995
3.5849625007211565,2.3272779757155426
0.3692338096657197,0.5287667279412905
0.3923174227787607,0.3945485593295921
0.15200309344505047,0.32545576853252556
1.0984037040609946,0.5689222003830756
0.3048545815284216,1.216667465186502
1.4329594072761065,2.435074263321623
1.6974372299795686,1.78824762568099
-1.1636660109706298,0.17035789702960807
5.228818690495881,3.7615765769581238
-1.1502426355806126,-0.5167641964471971
1.6681037360214015,2.6379614313778537
2.061400544664143,1.875733976887665
-2.839327311795884,-0.1509301457361189
-0.20645087746742652,-0.03344883521891617
-0.07400058144377741,-0.1394321801162957
0.9652345818393231,0.5111304848966348
0.691877704637669,0.7060570473529406
3.7425037777076358,3.3295274372963295
-0.5376567859427999,0.4819049089432901
0.6780719051126383,1.7217280885349668
0.0,-0.7547877820094128
0.900464326449085,1.1733163426918594
0.8650704199138914,0.9714793185798833
0.44057259138598104,0.2444040420295237
-0.1375035237499347,-0.44205995991268354
-0.3219280948873626,-0.3169420403049292
-1.227535724612408,0.35320632246590034
-1.7776075786635523,-0.5200058165334877
0.19264507794239583,0.05452100668378468
-1.263034405833794,-1.479067442098512
-0.6166713604484944,-0.43843702785319977
-0.6100534816839867,0.2780305800254299
0.8981203859807865,0.6056452678688052
0.33703498727757175,0.6541715265679475
0.73050334353651,1.0910373931028703
0.3131578852596304,0.1957701769316013
0.7842713089445628,0.7639396089938622
0.0,0.6895843202967757
-2.1413558492455413,-1.1309201170750263
0.8744691179161412,1.0682216068424741
-0.04890960048094595,-1.1922606359094756
0.6918777046376685,0.19660655161923946
-2.023083613113042,-0.5889245440646642
1.387023123109247,1.6653542674983932
0.584962500721157,1.4318118839368839
0.8345763907926278,1.0276230690306434
-0.10691520391651199,-0.2127845706997945
0.09953567355091453,-0.021900528249854667
0.4854268271702411,0.3884704934646292
-0.3575520046180838,0.37965788445037985
3.966391607357181,1.4660058362776007
0.1547225947986428,0.24547697793615106
1.2537565922457836,0.8254125348643615
0.1154772174199361,-0.37294660526605616
1.8981203859807865,1.6782400876071217
0.6026645024546156,0.12160284980771058
1.0,0.5460669998157499
-0.4150374992788439,-0.3935704984563729
0.3448284969974411,1.5982363306584848
2.415037499278844,1.1225205154183209
-0.04580368961312509,0.04944250360005119
1.1069152039165115,1.6749984675208311
6.06216882108643,5.486920327445781
0.561557896386212,0.3969883051517181
1.3479233034203064,1.7127002363724206
1.2537565922457836,1.1111223514873163
-0.13326653086346418,0.3390924900021424
0.25929200414797826,2.794782321630238
-0.07155326102503334,0.1662133593351176
-1.0,-0.49288351844182077
3.5405683813627027,2.2069336186686543
-0.3219280948873626,-0.6572169397216286
0.5618788876081151,0.18743105210800223
-0.6280312226130418,-0.8282992887199967
0.917537839808027,1.1894807027121148
-0.8624964762500653,-0.457347249595365
-1.8981203859807865,-1.150609803246809
-1.1332665308634642,-0.30492159984903494
-3.716207033999409,-1.4496329904824965
4.121015400961365,2.4799112310384444
0.0,0.35684676462053955
-0.14017765804825988,0.4329739715789805
1.1255308820838597,1.1501393809364047
5.714245517666123,4.675072727430584
-0.2863041851566406,0.36288512952182406
0.8624964762500653,0.548534243511817
0.9759143814756879,0.7015097580139462
2.7880543660986685,2.9271339569315895
1.6229303509201771,1.5985365963703577
-0.3219280948873626,-0.3598417515105564
-0.7045441164738291,-0.10671152780717472
0.6780719051126378,1.3216571842839886
-0.5849625007211565,-1.1360592306398762
1.4947646917495776,0.9393417633164323
0.0,0.03259111767694867
0.9284467389749667,0.604842401435028
0.7842713089445628,1.4442905192216433
0.0,0.13407522472646483
1.4947646917495776,0.8474498363858309
1.4594316186372973,1.407062339275011
-0.4854268271702411,0.4056494747398529
-1.506959988719883,-1.5467265577515315
0.0,2.2571037740137614
-0.3219280948873626,0.5670449611874532
0.2995602818589078,0.48831863623566985
0.6374299206152916,0.8409112210964622
0.0524674198941355,0.35964350943553347
-0.2801079191927349,-0.3455399648497447
-0.562936194391157,0.4117774826087516
-1.624490864907794,-1.2785374090953412
0.6322682154995123,0.16593384947238754
2.292781749227846,1.6922360211673193
0.3410369178350665,0.7610869407024541
0.947532580105864,0.8517093380927623
1.0931094043914813,0.9539861437655144
0.8073549220576046,1.450056981594845
0.07038932789139807,0.8299088899145664
1.2274104961030723,0.8672283595936466
0.49749965947081787,0.03927454409191844
4.643856189774725,3.464484848095669
1.8639384504239715,1.2047955303108957
0.9541963103868758,0.7673152627683766
0.8744691179161412,1.295603080855299
2.0976107966264217,1.5097350755092462
1.3479233034203064,0.664375017027129
1.087462841250339,1.543581992042391
0.7884958948062879,0.9530095136608261
-3.3484003062485534,-0.4824556272142403
-0.46948528330121997,-0.723845584857311
0.2954558835261709,0.4806879236705623
-0.9098021910284215,-0.09388358514648006
1.4329594072761065,2.485855208367033
0.2995602818589078,-0.6743864143634073
1.0931094043914813,1.3356241981436041
-0.7004397181410917,-0.925619123614171
1.6280312226130418,1.613314835318754
0.6214883767462704,-0.4874732316883714
2.0752881273042374,1.223838229302317
1.2976805486406855,1.390704013982241
-0.1154772174199361,-0.06347876204002523
2.292781749227846,1.7842731869277872
0.6374299206152916,0.712024092700187
-0.8395353278067539,-1.2022021555059959
0.24100809950379487,0.6753967951356425
0.19930880822340669,0.47068660396695805
-1.3959286763311392,-1.0689449975744343
0.28950661719498516,0.42666468903729227
-0.3219280948873626,-0.49742724270086747
0.4150374992788439,0.35351826786786245
-0.1643868179008816,-0.9899873683632111
0.19264507794239583,0.007899855518607168
1.087462841250339,0.608803557103093
2.8194277543581796,1.8760539909010978
0.8981203859807865,0.6188760034847258
2.7369655941662066,2.3056529364196243
0.0,1.2836112740441499
0.7842713089445628,0.7629287133682173
1.7520724865564148,2.124641536604253
0.5849625007211561,-0.17411368934287297
0.4474589769712214,0.5994890803300983
0.6026645024546156,0.44280598494839496
1.0473057147783562,1.3577603503911255
-0.44057259138598104,-0.3951262375276495
0.4150374992788439,0.2400430906395159
3.236339539168373,3.0135759424944037
-1.1312445332782524,-0.15615043535525172
-0.10691520391651199,-0.08196421021820394
0.3219280948873626,0.49581307452796614
0.0,0.5732279800733829
-0.547487795302493,0.32073784928225657
0.2995602818589078,0.6285491580522686
-0.8744691179161412,-1.076895073986562
0.1154772174199361,-0.37802760992092055
1.4854268271702415,1.7151249196324945
0.0,-0.22771162799745098
-1.263034405833794,-1.3296485612868263
1.1255308820838597,1.115959987801108
2.4232114307245443,1.5465149418162618
2.415037499278844,1.0400732078167076
-0.6438561897747244,-0.3000539267833908
0.24100809950379487,-0.15691965703986943
-1.6844981742720706,-0.6409400496870731
1.1805722456418204,0.8066758034697243
0.04306872189188571,-0.2636055833410785
-0.34792330342030686,-0.8907666990183152
4.214319120800766,2.546638224636184
1.0911478880581953,1.1582703397089111
0.7198920808072646,0.38553785570416044
2.152275274379898,3.152462197565879
6.295233228221941,3.8379373115468924
0.0,-0.040081635166082236
1.3410369178350656,3.386288199714335
-1.8981203859807865,-1.1475578177900647
2.476438043942987,2.5910414762138325
0.900464326449085,0.22870215084085577
1.387023123109247,1.6222706082773661
0.9569312781081143,0.6105730655255066
-1.3692338096657188,-1.3004279261965161
3.2064508774674265,2.466186230048643
1.7655347463629765,1.000916076862305
0.0,0.3732595153418983
-0.4150374992788439,-0.28887075911122895
5.392317422778761,2.924734657096703
4.266786540694902,3.0993514578615615
1.0297473433940523,1.4538213300358076
3.9835118772114306,3.466294286888767
-0.10691520391651199,-0.9369007284649591
-1.450825828069621,-0.6936957984850636
6.742692205193163,4.032130850563716
1.0,0.07992365247755928
-0.3219280948873626,0.1505270059084246
1.4594316186372973,1.3952183971542407
0.27207954543680124,1.8748539536136224
-1.506959988719883,-1.5422572619418664
5.266786540694902,2.5539109486322245
2.659730269123129,2.5646389765737956
-1.2439255828860896,-1.075779883585446
1.4232114307245443,1.1567005328721593
3.4474589769712214,2.847878063376414
-1.3112016882943038,-0.20324832182668046
0.0524674198941355,0.13890865040547629
1.6322682154995136,1.0406185140838327
0.5618788876081142,-0.3254576633370758
1.1805722456418204,1.1864573370571674
0.739848102699328,0.6887381370626913
0.07038932789139807,0.7406595581920569
0.6780719051126378,0.41634872401834067
0.0,0.13163468178150192
-0.5820799921880342,-0.6055162877966812
0.2995602818589078,0.5424269909269557
0.0,-0.07935505275319077
2.8194277543581796,2.3842378872438346
0.7964666059148682,0.374054289197645
-0.2223924213364481,0.9429959937221203
-1.4947646917495776,-1.3583641236028816
0.8073549220576046,1.2019443061562898
1.765534746362977,0.8237187341426263
-1.3667823306716231,-0.7685114486430763
-0.9098021910284215,-0.01810931396744082
-0.23446525363702353,-0.3712982965036171
0.24100809950379487,0.2286097519847754
1.0911478880581953,1.1302041984544655
0.4768136968655341,-0.28449371495706594
0.0,-0.7408385526795641
0.5145731728297585,-0.5479342893296336
-0.08488889758651297,-0.0064465196996599805
1.0747677684019727,1.4074943671549263
1.0000000000000004,0.02314845586033868
0.925999418556223,0.9414506539595706
-0.14684138832927118,0.5214287835706614
0.0,0.21808255823654132
2.415037499278844,2.354433722580306
3.5138794026596747,2.3267368014258127
3.4069641987431627,2.190866936700381
-0.8981203859807865,-0.4101879226717414
1.2976805486406855,1.078233001338787
0.900464326449085,-0.2910423160256409
-3.1497816176464823,2.6296941989240232
-0.497499659470817,0.39657045489791504
0.24100809950379487,-0.2943636212063041
0.7988601278921479,1.8875448349268384
1.6322682154995127,1.0250219061171544
0.056583528366367375,0.27112241906719403
-0.1643868179008816,-0.9531016661054657
1.971985623830403,1.1791234434930606
-1.9751966089994273,0.24773163151169453
2.8194277543581796,1.97715164218635
-1.0242475462466771,0.128931655170274
1.549338590990435,1.913005575817343
1.2537565922457827,0.5247055889759826
-2.4208431209600496,-0.37253641772162316
0.5910990265231071,3.431700527099725
2.292781749227846,1.7669397819012933
6.06216882108643,4.782850747176034
0.9951506003386053,1.6441513880508887
3.3219280948873626,2.3023715274335124
0.6214883767462704,0.9254272125165911
2.1950159824051427,3.0336432083366742
-0.4150374992788439,-0.7826183393909087
1.1375035237499347,1.1691962098620872
0.7548875021634682,0.7943727895726738
1.3692338096657188,0.766312555420984
6.742692205193163,4.906239695252076
1.2537565922457836,0.7593213896626212
0.1154772174199361,-0.4334191846106681
1.0,0.6647621218970933
0.12553088208385876,0.28706296948518606
-0.022367813028454364,1.5718491707257871
1.0703893278913985,1.7434512583209179
-0.7776075786635519,-0.7032272307110847
1.4913173901311083,3.2834039121304848
0.0,0.22521824165670207
1.1805722456418204,0.7837266722025842
-1.0000000000000004,-0.5385209507955805
6.742692205193163,4.470604332094724
0.19264507794239583,0.3264115073558823
-0.34792330342030686,-0.866116026919211
2.5226437243250137,3.3991304318812148
6.199672344836365,6.188820066630895
0.9306607959260855,3.7993035182586605
1.415037499278844,1.1391725597091837
5.714245517666123,5.6421045179814024
0.5849625007211561,0.30095326013274093
0.9569312781081143,0.6069456731971199
1.3275746580285048,1.4286867860471255
6.742692205193163,4.627545945162854
3.6293566200796104,1.8680598186158324
6.742692205193163,4.519957584247641
1.5126482959052652,1.5461245312470266
4.266786540694902,3.357618533223956
1.0984037040609946,0.6568400789771307
0.6780719051126378,1.4149586979050635
1.1069152039165115,1.3302824691778443
6.06216882108643,5.284314535478161
1.4947646917495776,0.844345648253534
-0.9434164716336322,-1.1237402068883873
1.8744691179161412,0.8407064309753549
0.613645255425241,1.9039068062491527
0.0,2.31914809895782
0.29956028185890826,0.9215163976860081
0.06926266243711332,0.6748763859318954
2.085391491230644,2.542138820327608
1.4012239239101554,3.286176917712841
0.5405683813627027,0.3556816222373045
0.8624964762500653,0.6424902972452392
2.9360369412680347,2.6817610970541117
-0.562936194391157,0.4887086810516883
0.6322682154995123,0.09104082985868756
0.4995710094905119,0.6315218795196783
1.6322682154995136,1.084959705370283
1.9757524537533229,0.0963615689416337
0.0473057147783571,0.6626633378780942
1.1699250014423122,0.26624729920534984
0.6322682154995132,1.085527005145036
1.2274104961030723,0.9015293581126969
0.2954558835261709,0.11108699109709037
-4.105534414172357,-1.8110263561851592
-1.669851398307669,-0.012509083291966051
0.19264507794239627,-0.48738278036260246
0.16046467219324612,0.1636430976571437
2.596367263993405,1.5802285658502169
1.4947646917495785,1.3586277843982746
0.0,-0.893250229882598
-2.4208431209600496,-0.4686189137546617
1.0671141958585366,1.4123320474430314
0.0,-0.15813963352586013
-1.4947646917495776,-1.304318277603273
3.7425037777076358,2.9265471810659522
0.0,-0.2357110136112881
-0.8231222379159209,-1.333902066819709
1.0984037040609946,0.4898177129659623
0.7884958948062879,-0.1892279293145982
0.6780719051126378,0.3459374883415556
1.4329594072761065,2.498350206333287
0.44057259138598104,-0.750624277165917
0.0,-0.5650391567694951
0.2995602818589078,-0.6827315418682783
0.2479275134435852,0.07284376585372865
0.6520766965796931,0.3756259075423617
-1.1053530001462288,0.9936538294935118
-1.880418384247327,0.3833755601310439
0.485426827170242,-0.05192369867789432
0.9663168737437111,1.2872029237919034
1.1069152039165115,0.38133396150982707
-2.839327311795884,-0.2674334629525058
1.0911478880581953,0.7306777776510016
0.951090399519054,1.1877388427650302
1.485426827170242,0.945936807246286
-0.14684138832927118,0.6563974374273626
1.7655347463629765,0.6810925051079962
0.6520766965796931,0.3495996837353291
1.4069641987431627,1.7653190234638882
0.23446525363702353,0.6618752194359013
1.6280312226130418,1.4468044106347184
-0.5360529002402092,-0.20301243262391555
-0.497499659470817,0.37072756877293334
0.0,-0.042663532980577734
0.24100809950379487,-0.33657341769804183
1.5525410230287786,0.8621097041707476
0.4947646917495776,0.35728037747696534
0.2630344058337939,-0.29937591537082686
0.400537929583729,0.7443444023498541
0.0,-0.26885705228826184
-0.6166713604484944,-0.278818811229791
6.199672344836365,6.145451059909657
3.764286200165719,3.5644194177421653
-1.0242475462466771,0.07650174202769364
-0.3818706353436445,0.7340972005788494
1.4854268271702415,1.2918562269224643
0.7776075786635528,0.9732509465185721
0.0,3.3514898633677825
-1.3698380798487477,1.7561402788473115
1.4594316186372973,0.2889134531052271
0.0,-1.3789050646990497
2.0752881273042374,1.0657233095051208
1.0766212816029128,1.8012433684037723
-0.6214883767462704,-1.1408006481224569
-0.19264507794239583,-1.4329998585711436
0.0,0.4812145213520015
-0.18442457113742705,0.696738224197699
-0.5525410230287786,1.360315832637547
0.7136958148433594,1.1747128980858708
-0.8744691179161412,-1.0734244049079225
-0.32681031626710855,0.24951619669329284
0.0931094043914813,-0.41489940635652695
6.742692205193163,4.470543603863805
-0.12553088208385876,-0.19622890723285968
1.1096244911744986,1.547274326793202
1.3692338096657197,1.114907337938471
1.0761716804854045,2.6906734268110553
1.8981203859807865,1.698332393110045
0.8845227825800648,0.5892214709541306
0.49749965947081787,0.02511622452244411
1.7328079686925504,2.7129329255770855
1.0703893278913985,1.638709505030345
0.903784684740697,2.271417685735845
0.0,-0.2662513756060374
-0.5849625007211565,-0.6426118769653599
0.7884958948062879,-0.7587362733137633
0.10691520391651199,-0.5218269826402664
-0.2801079191927349,-1.3647493520704517
0.900464326449085,-0.1298621223322735
0.0,0.9940600732869304
1.1805722456418204,0.7991289959775044
1.3479233034203064,1.3221293989142133
1.1069152039165115,1.5315410867594381
6.742692205193163,4.724090806015327
-0.793549122532573,-0.029187041121203308
1.2537565922457836,0.9597470298302115
0.6780719051126383,0.8771327460255531
0.0,-0.7699867827624813
2.603821527972473,2.9035154074748317
6.199672344836365,6.2659144312678725
0.9306607959260855,3.5483415038997252
1.3692338096657188,0.07502915713704361
0.0,-0.573394965517811
-0.02046410255971587,1.50467692342951
1.7264349266740364,1.3515188471983302
0.7218981460772644,1.1039134025970532
-0.14017765804825988,0.44305581964045615
1.7655347463629765,1.0347255783794826
2.0,1.2451601718427985
0.8345763907926278,1.5645263988857399
0.0,0.6327842039207204
-0.6629650127224291,-1.1261259781301738
0.11735695063815843,0.8438711135516068
1.0984037040609946,0.4975672813094971
-0.44057259138598104,-0.5013876618540172
2.4863986662375677,1.7837591560672923
1.4232114307245443,1.2249645103811782
1.0473057147783562,-0.43179013329691585
-0.5849625007211565,-1.0843714665964899
6.199672344836365,5.330204551720959
-0.32192809488736174,-0.03129912863402895
0.0,0.24905684416935586
3.1813297647145613,1.4053359395729146
3.4474589769712214,2.7944818319993723
0.5405683813627027,0.042452110487452364
0.0,1.9571495625653261
2.4069641987431627,2.2154531723670847
-0.7104933828050148,-0.5184888219390227
0.29956028185890826,0.9633195896789212
1.054447784022376,0.23715628369016906
0.6374299206152916,0.9141850220388533
-0.44057259138598104,-0.8634915145719788
1.7589919004962051,1.3975215516248474
2.9360369412680347,2.5205877516091744
-1.3112016882943038,-0.31650960851888454
0.34792330342030686,0.3576188191683092
0.6918777046376685,-0.06166116565841944
0.0,-0.47362472905989983
1.045803689613125,1.458490896198576
1.1699250014423122,0.2882056774060848
0.15488560197817147,-0.5533961035701725
1.7655347463629765,1.439881680959137
1.4947646917495785,1.368493359175595
0.2995602818589078,0.5504769146200127
0.8479969065549495,0.1454922304970503
-0.9278502142441649,0.5214081213100714
-3.1565044856799904,0.6099480673007417
0.06926266243711332,0.7999979784189388
1.4947646917495785,1.2894435000924802
3.4037221860510094,2.509472342389164
0.0,1.7928457751709204
0.7589919004962051,-0.15714391291351296
0.6229303509201767,0.637622786279967
3.0,2.920370968351884
0.07800251200127306,-0.38447860018760616
1.0000000000000004,-0.020542277317913346
1.2976805486406855,1.5597663173697198
0.485426827170242,-0.041780951973636515
0.24100809950379487,0.31147232732235186
0.9306607959260855,3.9626553398137174
0.8845227825800648,0.7480305516852639
2.635588573791124,2.476952081614738
0.6780719051126383,1.856922304058967
0.19930880822340669,0.42527521903621984
1.3598959450863832,1.224740028819461
0.0,0.15173657767908338
0.8650704199138914,0.847528694728298
0.7062687969432897,0.2730678965711555
-0.497499659470817,0.3568563936747131
-4.832890014164741,-1.9408805791110366
1.6322682154995127,1.0272739842679692
0.056583528366367375,0.2730613456546718
0.23446525363702353,0.6174906951794583
-1.7776075786635523,-0.5819576192010444
0.27207954543680124,1.8654927612381915
1.087462841250339,0.6323821695264603
2.0,1.2401220704451688
0.8981203859807865,0.7530071312903118
0.0,0.554685210389886
-2.174774401103708,-0.7215669525134742
0.4150374992788448,0.8958130208252637
0.0,-0.9189988850970899
1.6322682154995127,1.404448561133581
4.821160721582635,4.835186851098427
-0.1154772174199361,-0.09198141169566632
-1.1069152039165115,-1.4132261223945286
1.387023123109247,1.535770740241996
-0.44057259138598104,-0.854960082156923
0.8345763907926278,1.0014309125197625
-1.0506260730699677,-0.9014846374753598
1.1069152039165115,1.0506175407061957
-1.7041342016988343,0.2812719061768718
0.0,0.41842135563942107
0.2995602818589078,0.5307803199930335
0.2479275134435852,-0.04546689853551622
2.1658088929700803,2.439255721721775
0.0,-0.147349197381458
-0.4854268271702411,-0.8368196084902948
-0.5405683813627027,-0.5750946466083094
0.0,-0.7682335369861162
0.6026645024546156,0.2626685268391995
2.350497247084133,1.085073140872876
0.13750352374993513,-0.3036424076224163
2.678071905112638,2.231585781621862
0.0,-0.04407135666511143
3.4474589769712214,2.8122083791430312
1.1420190048724281,1.888000565584574
0.3219280948873626,0.6632649434516803
0.0,-0.6651184046290022
0.0,-0.9266809752360754
3.966391607357181,2.4303167673417025
1.9685041470707585,4.917113933634957
-1.85466063683596,0.5451531386659609
0.16046467219324612,0.7255257956243476
1.2106019777547647,4.032965183406359
1.280107919192735,1.234005565918344
-0.34792330342030686,-0.8747026239242626
0.7842713089445628,0.3012787144276947
-0.3219280948873626,-0.7242824848707075
0.6780719051126383,0.9679730148076653
2.603821527972473,2.7016312049533857
2.2976805486406855,2.3515082137164782
0.7884958948062879,-0.3275075678862231
1.782562460606317,3.0799809884137574
5.714245517666123,5.76735443072895
0.8339900485610707,1.2988355622027141
0.6731896837328915,0.26972342091761564
0.900464326449085,0.35781775101257063
0.9569312781081143,0.6889502339397477
2.7369655941662066,2.7821129034065244
0.11735695063815843,0.8351333702081227
-1.8073549220576042,-0.8784842838607057
0.0,1.3823455161919496
0.0,-0.002586312939931945
0.1740293997750486,1.1042745814276513
0.0,0.5607926798715973
-0.03394733192333721,0.5685521969949449
0.7520724865564148,0.3506102002731889
0.23446525363702353,1.5809976287832666
-0.23446525363702353,-0.1922870310583284
3.355480654598389,2.2220241457800416
-0.3785116232537291,-0.7902950531718582
-0.4854268271702411,0.3624838439064034
1.8345763907926278,0.7454213126293188
-0.3312059084753738,-0.07753112276548402
2.2630344058337934,2.058446541563277
-0.7104933828050148,-0.23754720130788856
0.06926266243711332,0.5731656501958243
2.085391491230644,2.4938835007555467
0.10691520391651199,0.7532919685476104
1.4012239239101554,3.319329062693244
0.925999418556223,-0.047192040173524186
0.7589919004962051,-0.11284765729226143
-0.2801079191927349,-0.43964005875255185
1.8073549220576042,1.1669174835208256
1.045803689613125,1.3071227642509264
-0.12553088208385876,-0.4054223440479332
3.1813297647145613,2.347528456449276
1.4947646917495785,1.2623443133901942
0.49749965947081787,0.041400567689011014
0.22239242133644765,0.5871993027848922
0.34792330342030686,-1.4527672147634096
0.5849625007211565,-0.2621642101558282
-1.4594316186372973,-1.057253491099606
0.9951506003386053,1.8805397422615284
1.087462841250339,1.3926777018770249
0.7964666059148682,0.1786110599138901
4.764286200165719,3.887944847340023
0.8845227825800648,0.4891252841755869
0.4329594072761056,-0.11610773176417415
-0.8231222379159209,-1.3071745670864536
0.6780719051126378,0.7333704492511155
0.5208321633014403,0.11310183622855476
-0.6214883767462704,-0.054172982200634184
0.0,-0.844114050930501
-1.1636660109706298,0.02906717547342426
0.19930880822340669,0.314171207836751
0.47643804394298694,0.4799719215413511
0.0,0.6254775920531273
0.7182290315846203,1.5765063765588945
0.5272470028648693,0.7789915259175202
-0.5052353082504224,0.04019959177331752
0.0,-0.23304667309218535
0.23446525363702353,0.24406613685813094
0.4150374992788439,0.5666785140785352
-0.10893437155316477,0.5895852619646712
0.361336479445598,-0.262047558661668
0.8845227825800648,0.7898157196996889
3.0995356735509145,1.924067731768572
1.0000000000000004,0.8681816105788376
-0.2995602818589078,-0.2962993425666398
0.900464326449085,-0.2656543064265329
1.6571122864769916,1.8222500057634816
0.5849625007211561,0.36194610825350093
0.7062687969432897,0.3637452723811334
2.529253068134868,2.428513355056356
0.0931094043914813,-0.9329173875305996
5.129283016944967,3.1687978924671807
1.5525410230287786,0.7291600928840677
1.1468413883292707,1.4139627657165892
1.8073549220576042,1.058890186509418
0.0,1.3258661259679698
1.087462841250339,0.6100146860904289
2.8194277543581796,1.9425156173210425
-2.174774401103708,-0.9402345547245845
1.3923174227787607,0.7155300528962367
5.614709844115208,6.722201285319836
0.13750352374993513,0.9251584818200472
-1.506959988719883,-1.327487504699714
0.5360529002402101,0.8659767216553957
-0.4854268271702411,-0.8084314232105191
0.4474589769712214,0.4546810978408846
1.0752881273042378,0.9821408209413304
0.6918777046376685,-0.0026624387097656005
1.7224660244710912,0.5362141077481204
1.0473057147783562,1.260652660736023
-0.18442457113742705,0.9172695312341357
-1.1312445332782524,-0.2108038874935969
1.3692338096657197,1.2854512887406813
1.1375035237499347,1.0805529363651112
0.23132554610645517,0.3537853087500113
0.0931094043914813,-0.46675057259577885
-0.5405683813627027,-0.4658901970640762
1.2223924213364485,0.9080416497800375
0.5405683813627027,0.6535229731694499
-3.6304771599735246,-1.8598339744492025
0.31034012061215055,-0.03184764224332813
1.7328079686925504,2.400533344743723
2.0,1.9376051222053379
0.0,0.006723089849078601
0.6623045892543207,0.7283258037932083
1.1069152039165115,1.5748654726641622
2.0356239097307216,1.3522572979995418
1.4854268271702415,1.2463906715346604
-0.44057259138598104,-1.0050424982768336
5.151309323274965,3.2934547667693073
1.3479233034203064,1.5836997422592825
0.361336479445598,0.38403589115125747
0.4768136968655341,-0.4246021597586668
-0.3219280948873626,-0.75424312945177
-1.1069152039165115,-0.76480832356198
-0.8624964762500653,-0.3676326011068849
0.8073549220576037,1.3414546589860645
0.7589919004962051,1.0353026352702173
1.415037499278844,1.0599189013275958
-0.4150374992788439,-0.38842893798508726
-0.9840584561309784,0.34550198081077393
-1.912537158749661,-1.1462481571027976
-1.887525270741588,-1.3918297257813133
3.5849625007211565,2.561401514395612
1.3320760502634448,1.6055506578987204
0.947532580105864,0.5166542722782678
-0.24100809950379443,0.15159943530733336
2.7369655941662066,2.6423864130026917
2.884522782580064,2.037379888480716
1.0984037040609946,0.7037235609743697
-0.16992500144231215,-0.014141764504353782
-0.5849625007211565,-1.012399551391881
-0.4043902550793357,-0.054949275391488354
2.212993723334198,2.12911578370397
1.1375035237499351,1.3345329004193331
1.4594316186372973,-0.07869950572253304
1.1069152039165115,1.0268459965528183
-1.2439255828860896,-0.9963134954959547
1.5405683813627027,1.6138077113307487
-0.24100809950379487,-0.4404051817056873
0.5849625007211561,0.5233506919633953
1.034410030785832,0.8582172224961209
-2.8744691179161412,-1.76957916456066
1.045803689613125,1.209233858837307
0.8073549220576037,1.1801561015333846
-1.4208431209600496,-0.7193183497701581
2.415037499278844,2.2751109213848517
0.739848102699328,0.6808502153230539
0.2954558835261709,0.16115623427504255
0.485426827170242,0.36917584989629404
0.16046467219324612,0.13937697776525515
2.596367263993405,1.6438544503611063
1.054447784022376,-0.394023272660571
-1.8531586116707288,-0.4328074640106812
-0.04182017569462726,0.3187289332563373
-0.5849625007211565,-1.3896876225023247
1.4947646917495785,1.1276430181473838
1.1699250014423122,0.49396105157406683
0.5849625007211565,0.26435154807277644
0.15200309344505047,0.2542063608361461
-0.5405683813627027,0.5301530265535913
-1.3667823306716231,-0.9017175755328801
0.49749965947081787,0.09630304921060762
1.0703893278913985,1.3613831792506887
1.2537565922457827,1.1164295528550512
0.6520766965796931,0.2931957287166713
-0.7004397181410917,-0.8318420655402242
4.764286200165719,3.9510671147425223
0.7198920808072646,0.46112407002296385
0.8744691179161412,-0.3985703207615795
0.6280312226130418,0.8884691065125544
1.0747677684019727,1.4474615313631758
-0.10893437155316477,0.6506345741257559
0.34792330342030686,-1.3347969300234073
3.7425037777076358,3.27594973630423
0.13750352374993513,0.029290334889527057
3.4069641987431627,2.3039171552798177
0.900464326449085,-0.3658645358893086
1.7264349266740364,1.2159304754082005
0.8650704199138914,0.7139285945595722
5.529820946528696,3.4282868382731166
1.7232906572691302,2.1866975315446746
6.06216882108643,4.883123393657114
0.24100809950379487,-0.3550111035642969
1.3479233034203064,1.6667430577158475
-0.12553088208385876,-0.09245704462117578
0.0,-0.9435947845770566
-2.174774401103708,-0.7812541813017513
2.7369655941662066,2.3157417013905484
0.4150374992788448,0.8819547621936886
1.4594316186372973,0.1830777624606541
0.5431423250265288,0.7983153884489564
-0.24227584566699711,1.585866224068927
1.1255308820838597,0.5132225318687296
1.0473057147783562,0.5631268018085013
-1.2439255828860896,-1.081696621511802
-0.6629650127224291,0.003426027583522284
-2.023083613113042,-0.748462773604994
0.0931094043914813,1.000974230742703
0.0,0.16802383838290047
1.0473057147783562,0.8549484704522707
-1.1312445332782524,-0.15873587610426537
0.26303440583379434,0.11259593765104983
0.8744691179161412,0.702008867125469
0.23132554610645517,0.5298036489381631
0.4150374992788448,0.8818699465318502
1.6280312226130418,1.647431340315649
0.2479275134435852,-0.043383723212696124
1.971985623830403,1.767043491600562
-0.2223924213364481,-0.9906168546828763
-1.0,-0.9690398341728935
1.6780719051126374,1.725375910334088
0.12553088208385876,0.26191474647391666
1.7328079686925504,2.3502951564338637
-0.3677317845004868,0.16500696755725433
3.4474589769712214,2.7308752824350906
1.8345763907926278,1.0332669232164957
6.06216882108643,5.511707076942862
1.9601072728764866,1.3852528662475239
0.0,-0.9060757661659884
1.0000000000000004,0.7185532130880995
6.742692205193163,4.036179127112731
0.5618788876081151,0.058147980988656096
1.415037499278844,1.393487002453016
-0.3410369178350665,-0.5518470955237454
-0.9278502142441649,0.5204969018108143
0.8744691179161412,0.775162158707274
-1.912537158749661,-0.984558415504438
0.900464326449085,0.2038939935414087
0.6322682154995123,0.15851331336690255
-0.14017765804825988,0.4907931188993765
2.0,1.1770929575532074
-0.5360529002402092,0.0839613998756834
0.8073549220576046,0.24697669693805913
-0.8556100906648245,-0.9473749747379331
1.8744691179161412,0.6166587167508684
-0.5849625007211561,-0.568940645047279
2.5800720043740837,3.5683315265293865
-0.497499659470817,0.3758395944231349
0.5849625007211565,-0.09649990616773553
0.0,-0.6706401341469701
1.1375035237499351,1.162088531859697
0.3870231231092469,1.1209284646884758
0.7842713089445628,1.712578989314505
0.561557896386212,0.3214237310733875
4.998038483666714,5.899774929639639
0.0,-0.27348334175610034
-0.24100809950379487,0.1347193051914537
0.6780719051126383,1.0171649527213558
-2.459431618637297,-1.2572841379181525
0.34792330342030686,0.4262865110630917
-2.8744691179161412,-1.9200584390163231
0.0,-0.28265072773076416
0.6629650127224291,0.04660076573723004
0.8073549220576037,0.9950252829873684
-0.4854268271702411,-0.2763605434940117
1.3692338096657188,1.1387791934000435
1.0703893278913985,1.872429660643126
0.49749965947081787,0.0481923936980555
0.485426827170242,0.39092590280918604
2.0,0.3227300926615382
0.34792330342030686,-1.3261342658293416
-1.8073549220576042,-1.0203537307050556
0.28010791919273537,0.5236937846247325
0.485426827170242,-1.2374966649478005
0.12553088208385876,-0.9695660745732972
0.13750352374993557,0.27178113530823705
1.9757524537533229,0.631784457778183
1.4329594072761065,2.6387465617895725
5.228818690495881,3.519190427797925
1.9754776808659313,2.270553040934794
0.12553088208385876,-1.1852055460140107
1.6681037360214015,2.5236453252389417
-0.21299372333419786,0.961767890002683
-1.880418384247327,0.4297610526537774
0.4150374992788439,0.6956577772994057
-0.09019780897157847,0.13810560901033297
1.3320760502634448,0.3594855172510968
6.742692205193163,3.767915120906725
-0.8981203859807865,-0.5020784559168843
1.7264349266740364,1.2837886681452457
0.0,1.4686165306721277
2.529253068134868,2.4965858314871228
-0.3677317845004877,-0.3516383018935695
0.0,2.339158166710806
0.24100809950379487,0.6514023446714103
0.400537929583729,0.21118310248680863
-0.6100534816839867,0.35225173898136
-0.1397247636666128,0.5672518511280947
0.6291623046316914,0.42260802142536913
2.7369655941662066,2.3928122905698945
0.3131578852596304,0.15744490525654598
4.936637939002571,4.8326999276443665
1.2537565922457827,0.5161392091518199
0.0,0.8401953220233652
2.292781749227846,1.927840227332129
2.4232114307245443,2.450799154787633
0.0,-0.3546976083247107
4.821160721582635,4.788285036233345
5.129283016944967,2.837772393955631
0.6918777046376685,0.009229571699768199
5.228818690495881,3.0222595524837663
1.6280312226130418,1.5844297680431714
-2.023083613113042,-0.8538172925862684
-0.44057259138598104,-0.46380221367839125
-0.44057259138598104,-0.818550280657104
0.7369655941662066,0.5559415339635216
0.26303440583379434,0.10244335665473053
-1.0506260730699677,-1.0004160584037947
0.361336479445598,-0.22106683367953578
1.6280312226130418,1.3331600213160735
0.7533600324168752,0.478555221103398
2.1950159824051427,3.1141181142476024
-0.6374299206152925,0.10556440531313666
-4.253341009629951,-1.5707823196832715
0.23132554610645517,0.4880083600058484
1.0703893278913985,1.5326470728388997
0.1547225947986428,0.24199792942238768
-0.12553088208385876,-0.11114201500227434
-0.37851162325373,-1.3487280169790048
3.192645077942396,1.361585865523781
1.1375035237499351,0.5488359284888331
0.8073549220576046,1.4478789708964883
2.678071905112638,2.118913959959235
0.0,-0.32974780985478724
1.1069152039165115,1.6131463722222565
6.06216882108643,5.4890268680223855
0.24616058726939727,1.3804284384093841
1.3479233034203064,1.6030664307861366
1.502500340529183,1.3980924072861223
1.912537158749661,0.9823874221615196
0.4768136968655341,-0.30583347897333873
0.3410369178350665,0.44386590420826044
0.4150374992788439,0.2062949239853421
1.3575520046180838,1.050450348274173
1.3410369178350656,3.317548043190657
-0.11547721741993477,0.3739106011236028
0.6214883767462704,0.7835308442300961
-0.26303440583379345,-0.3645829810543868
-1.912537158749661,-1.0473603623669476
0.900464326449085,0.1258836138312711
-0.5360529002402092,0.1602714310549569
6.742692205193163,4.174928864981344
1.0984037040609946,0.547660135716298
0.0,1.18712105903386
0.0,-0.025283547006257567
2.5800720043740837,3.726767884136816
0.6780719051126378,1.483493690096042
1.1069152039165115,1.5165458804753784
-0.10691520391651199,-0.9154717583304088
2.212993723334198,2.2277480725738004
0.2995602818589078,-0.8578553043496533
-0.3219280948873626,0.1144326963296265
-0.4854268271702411,0.5115260084536004
-1.3575520046180838,-0.42117480028884
-0.1375035237499347,-0.27782622245122196
0.0,3.9121754126264583
1.3667823306716231,1.9160078375276626
-2.4947646917495776,-1.8436054061832345
0.9289169019385177,2.290876323315597
2.0356239097307216,1.3213551967079034
0.34792330342030686,0.39091411577116375
0.2223924213364481,-0.25114613158761256
0.6674246609131291,0.47617597020138236
0.5618788876081142,-0.42978075434365914
0.3410369178350665,0.8223383256344646
1.4947646917495776,0.6428745743682289
3.1813297647145613,2.3955436677564217
1.0703893278913985,1.706330757024388
-0.2115041051937121,-0.668333626537063
-4.105534414172357,-1.8413476987238195
-0.2995602818589078,-1.0836988453906158
0.8744691179161412,1.3587490473306343
0.8073549220576046,1.4209766144625755
0.4150374992788439,0.2880629310444514
0.3923174227787607,0.5668352815455077
0.8073549220576046,1.3009176421212776
0.15200309344505047,0.3232885927507728
0.8744691179161412,-0.3934140884459313
-0.25153876699596367,0.27681069812669146
-0.9068905956085187,0.13123508713797866
1.2537565922457827,0.7866436998131121
0.4768136968655341,-0.2270698354890568
-0.16992500144231215,-0.7185643380892911
-0.21299372333419786,0.8978672459568605
4.764286200165719,3.9898864545444965
0.5145731728297585,-0.49715704918111137
0.5272470028648693,0.889063425716105
0.42968427524324504,2.427346003009262
-0.20163386116965043,-0.6581776494343822
0.24100809950379487,0.3402848692270213
1.054447784022376,1.0968285149800618
0.33703498727757175,0.7278767511004463
1.2334901302197778,2.4693296207144653
4.866248611111173,3.2825487702090284
-0.14684138832927118,0.5565313774642161
-0.5360529002402092,-0.10043904710770613
1.6571122864769916,1.7650777540609908
2.20212382383046,3.498726194025134
-4.832890014164741,-1.9743522314448652
0.2630344058337939,-0.20646489186703065
1.8073549220576042,1.1793254484621594
-0.1643868179008816,-0.875192140638724
0.18641312423088152,0.12539249110336384
1.4594316186372973,0.853057925542926
0.0,1.350000872942088
0.13750352374993513,0.5097939780133884
-0.362570079384708,-0.44966432807286627
0.0,-0.8174594273507203
1.6322682154995127,1.3533960210677023
0.6291623046316914,0.32131638752417513
0.4474589769712214,0.4265732345380387
-1.8402195559632313,-0.5632382027175449
1.0752881273042378,1.0179233797885172
0.0,-0.38819991731430864
0.0931094043914813,1.0608622464216104
-0.10691520391651199,-0.07117955152609634
1.2223924213364477,0.765139620758024
1.6280312226130418,1.298016370350814
-1.7041342016988343,0.22076028951975427
-0.3575520046180838,0.4903449078106009
0.0,-0.03143537252682414
0.1547225947986428,0.036723561691737745
3.4037221860510094,2.539269730124939
6.742692205193163,4.813605253037
1.1096244911744986,1.5413184894414627
0.15488560197817147,0.5890642487054978
0.31034012061215055,0.022716899226820193
2.635588573791124,2.482276334804023
0.13750352374993513,-0.3097105840244244
2.678071905112638,2.0956046888391597
-0.6438561897747244,-0.09474676991812325
-0.04580368961312509,0.0819628816400374
1.415037499278844,1.015690385576893
0.4651227307151524,1.5794095161503534
-1.432959407276106,-0.9778225338233577
1.4913173901311083,3.0937625616926945
1.2537565922457836,1.1545106929094324
1.2106019777547647,3.7889878994529855
-0.1154772174199361,-0.39123269142441197
1.912537158749661,1.3273084369545183
0.3048545815284216,0.6817137207585761
2.603821527972473,2.6320206557129597
-0.3410369178350665,-0.458367469962007
0.3410369178350665,0.5143856874452667
5.714245517666123,5.708080194501128
-0.17508670655809144,0.5459394432195817
0.0,-0.35521907895438104
0.3719687773869582,0.6552790891929845
-0.4150374992788439,-0.3862886357798476
-0.3219280948873626,-0.44095900479052563
-0.03394733192333721,0.610125636388315
-0.1375035237499347,-0.5277728329088638
6.06216882108643,4.794470661327808
0.5849625007211565,0.0032256225126142944
-0.10691520391651199,-0.7953010625587607
2.212993723334198,1.9475133367184854
1.1375035237499351,1.192482917365202
3.0,3.0004051261569686
1.1255308820838597,0.8209852827204042
1.6121839694561797,1.5418371068690486
1.6322682154995127,1.2449916978267646
1.8345763907926278,0.6027170531764645
0.8573956045572002,1.0230653933711793
3.0,3.02193194662199
-1.506959988719883,-1.4578470903586007
-0.7369655941662066,-0.4043083402800617
0.9289169019385177,2.150902849231509
0.361336479445598,0.5090310464544869
-0.44057259138598104,-0.7778437032819658
1.7190991733726917,1.6291503545933579
0.4995710094905119,0.6356323001459987
-0.4854268271702411,-0.36759024824403375
1.0931094043914813,0.937243912835255
0.0,0.217551310311749
0.2954558835261709,0.32819067523227735
0.0,0.07807722699350625
0.16046467219324612,0.12521904600930922
1.8639384504239715,1.294811200240145
-0.023586820317616386,-0.24304166630899895
-1.8073549220576042,-0.5973444777481968
0.5849625007211565,-0.2707688156306527
3.5849625007211565,2.2879933874787133
0.0,-0.33310474616009056
0.4150374992788439,0.1907392466461414
0.4329594072761056,0.0006312823544218425
-0.8231222379159209,-1.3736236447924537
-0.46948528330121997,-0.9280435521297482
5.228818690495881,3.59257575499159
0.6780719051126378,0.4828920559711175
-1.880418384247327,0.5254821658646761
0.485426827170242,-0.17437724165612048
-1.0641303374197157,-0.7976975930126212
-0.08488889758651297,0.0937505723291255
0.6280312226130418,0.8781335392292127
0.6229303509201767,0.7426697830699913
1.485426827170242,1.0770277872697196
-0.20645087746742652,-0.1687714863112637
3.7425037777076358,3.458755603006103
0.6374299206152916,0.6635775480972546
0.8845227825800648,0.7459363621825674
1.4854268271702415,1.7185829396543797
0.0,-0.14758337743919758
-0.2995602818589078,-0.31340638554197464
1.2334901302197778,2.6202393908604003
4.866248611111173,3.355906207366462
1.6280312226130418,1.3534340528385815
-0.5360529002402092,-0.15265768595114215
-1.0588936890535683,-1.0290633379897496
-1.887525270741588,-1.266852754678762
0.8650704199138914,0.965352920982456
-0.497499659470817,0.371339104059534
-0.32192809488736174,-0.08114981338334248
-0.1979393776119096,-0.13965201710794375
0.3014297845708045,0.9132613840805477
2.7369655941662066,2.3308067494296636
2.2630344058337934,1.5277424014174905
0.5849625007211561,-0.2911751163659786
-0.8073549220576046,-0.7298179851581977
0.6918777046376685,-0.1294935316130424
2.9068905956085187,2.709078559566472
0.3719687773869582,-0.0808199994198876
1.1375035237499351,-0.23569254476131007
0.0,0.3855237360767352
0.584962500721157,1.2558880312146443
1.0473057147783562,0.8781635844188717
1.6280312226130418,1.2734290260273826
0.29956028185890826,0.9469386644978601
0.8744691179161412,0.435908670735108
0.7842713089445628,0.5737129661787073
6.199672344836365,6.595438403248747
0.7548875021634682,0.8189933408567295
3.966391607357181,1.159230241831994
0.0,-0.3263367609996144
0.4150374992788448,0.7956578566764247
-0.5145731728297585,-0.5135390757267337
1.0,0.4237974838837097
2.1658088929700803,2.314181941319967
1.4947646917495776,0.9200686353988717
0.1154772174199361,-0.36962558383516964
0.0,-0.6775746206978646
0.6291623046316914,1.3951809551896766
1.387023123109247,1.2021347475194093
0.6951454184715784,0.8257901437660158
0.8845227825800648,0.5314374900391236
2.678071905112638,2.1778843420903478
0.15488560197817147,0.8409851520496869
0.903784684740697,2.3560163672543606
0.485426827170242,-0.06557413509661691
0.3219280948873626,0.7378220671188074
0.0,-0.6014665873147149
1.8345763907926278,0.9952690878048097
1.9601072728764866,1.2794084561047305
1.502500340529183,1.1817485426460883
1.3479233034203064,1.1112164303586214
0.0,0.7233643228697075
4.214319120800766,2.4844332523365313
1.1069152039165115,0.3879867523356977
2.061400544664143,1.7233347688110707
0.7884958948062879,-0.04145977570120141
1.3692338096657188,0.18071557124300694
0.0,-0.10015193601547773
-0.17508670655809144,0.5841146779292443
0.0,-0.9184753944628237
0.0,0.2732616283668128
1.3320760502634448,1.4352834721359946
0.947532580105864,0.432054561656945
1.3275746580285048,1.2159251636671335
1.0766212816029128,0.9750855725211114
0.8300749985576878,1.4578871484096714
6.742692205193163,4.320247343386138
0.11735695063815843,0.9376651635703538
0.6646513893503156,0.15145839497324698
-0.7045441164738291,-0.21884399019868264
2.20212382383046,3.321717987597558
1.4947646917495776,0.7968253869792294
0.0,2.161222792614533
1.9142701259741162,1.3816783793838414
2.1935375586642634,3.36877601939405
1.765534746362977,0.711364172244704
0.3870231231092469,1.0071295169401744
0.7369655941662066,0.4839720744026357
0.8073549220576037,0.02602133662886513
0.0,0.1612189822478569
1.4594316186372973,-0.07067049929365432
0.8639384504239711,1.0353778334093897
0.6520766965796931,0.23469182564007407
1.8345763907926278,0.6115099522044896
-0.1375035237499347,-0.10069414502689515
-0.5849625007211565,-0.31874550108690647
5.266786540694902,2.796700424036608
-0.7369655941662066,-0.5490082074905391
-0.599462070416271,-0.13755711736949883
1.1375035237499351,1.0826662227350257
1.415037499278844,1.0341580462511033
0.5405683813627027,0.34524805510285683
0.4854268271702411,0.037491252991412656
-1.2439255828860896,-0.5432522215567565
-1.1468413883292707,0.08689213733255885
-0.2801079191927349,-0.43127636074213993
0.6322682154995123,0.06794441755503267
-1.6844981742720706,-0.6945410870348426
2.292781749227846,1.6160776673151027
0.0,0.12320669525870273
-0.2115041051937121,-0.6353103847757192
-0.09953567355091453,-0.804506141778457
0.24100809950379487,0.5150470361031505
0.22239242133644765,0.5325186479274767
2.0,0.26381305046513326
0.6322682154995123,0.1929499219107066
-0.5145731728297585,-0.4102626440483319
0.3923174227787607,0.2395396590391512
1.1069152039165115,0.40844101992410026
1.211504105193712,0.1805044398468311
-2.4208431209600496,-0.504943691578113
0.5525410230287786,0.7806099879331818
0.13750352374993557,0.3089503605682326
2.8194277543581796,2.505400471268323
0.8479969065549495,0.21026790209491997
-0.07038932789139807,2.2116920857579125
-0.5405683813627027,0.5362675888128199
0.0,1.4654433744251225
0.7884958948062879,-0.08269010940536448
-0.9278502142441649,0.5177375057609676
-0.9068905956085187,0.05907441654137498
0.6520766965796931,0.4042148501126172
2.2143191208007664,0.6705708102161244
0.36257007938470753,0.16972563913891314
-0.21299372333419786,0.704226563636716
0.5145731728297585,-0.515456385653899
-0.10691520391651199,-0.6764285145004234
0.0,0.2171800198910696
-0.8259706002249514,-1.0805982370603944
0.0,1.790711262820254
0.8073549220576037,1.3389247006063727
0.691877704637669,0.5875590028669354
0.24100809950379487,0.3572272386928148
0.4150374992788439,0.7266609146244021
1.0740005814437774,1.906423085359338
0.0,-0.4524650114039336
0.19930880822340669,0.6392997691082537
-0.9328858041414634,-0.4651869648144992
-0.1375035237499347,-0.5292894128693879
0.400537929583729,0.15190848875555268
-0.6100534816839867,0.3129512162458161
1.087462841250339,0.032098382032293135
0.21008552588483376,0.47229580258464976
0.3131578852596304,0.31108522004502775
4.936637939002571,4.8314886141655435
1.6322682154995127,1.3971602250478286
1.8073549220576042,2.3126962230616233
2.4232114307245443,2.4375521172443344
4.821160721582635,4.7286525960960795
0.8744691179161412,1.186422364764066
2.9068905956085187,2.8438983745783206
0.0524674198941355,1.119030986967228
-3.8994731240460356,-1.663206129234589
0.6780719051126378,-0.08259109531332953
0.0,0.33780715797608174
1.3479233034203064,0.7524430637074351
1.6322682154995127,1.5514819665112163
1.4947646917495776,0.8944314305693224
-1.0506260730699677,-0.9950944260165088
-0.24100809950379487,0.1060919092290602
2.155278225477911,2.0072734415065483
-0.5525410230287786,1.4845529399066313
3.966391607357181,1.0208946533095025
0.5272470028648693,0.5614516021658194
0.6520766965796931,0.06315300675432312
0.0,-0.7431061253428985
0.0,0.01974973517877887
1.4947646917495776,0.597386941045656
0.6951454184715784,0.9027771838399514
1.7328079686925504,2.504630798575022
1.4863986662375677,1.8917113651101036
-0.6438561897747244,-0.12612248992509079
0.903784684740697,2.2778578229892776
1.1420190048724281,1.761478147365983
0.900464326449085,-0.5200260229034969
0.10691520391651199,-0.6453696367567008
-0.3219280948873626,-0.07981258351739662
0.4150374992788439,0.2516224171817132
0.0,1.1076223083785206
1.5525410230287786,1.1117038926175096
0.6780719051126383,0.9814492459854528
1.415037499278844,0.9781453215627568
6.199672344836365,6.475389219762792
0.6322682154995123,0.11154073546106835
1.2931963763440457,2.4918187245124055
1.1255308820838597,1.1830777260476868
0.2837929660005907,0.35893989265269843
3.9835118772114306,3.3334443126446756
-0.6280312226130418,0.005851521110008311
1.0766212816029128,0.9250641759865404
1.6229303509201771,1.5524898118322068
1.0984037040609946,0.6077276257625515
2.5800720043740837,3.843337633593846
0.0,-1.5444714646387216
3.0,2.568047625365668
1.6780719051126378,1.3514192364145492
-1.3692338096657188,-1.2691027243209465
1.6444635124698186,1.0868971555575628
1.9757524537533229,-0.11237851790990895
0.0,0.4237958005556168
0.0,-0.9361094222061754
-1.415037499278844,-1.4517650719729267
1.415037499278844,1.2047334366916445
1.045803689613125,1.202450306892513
1.295455883526171,0.4242288035476114
0.8073549220576037,1.153159789565511
0.8073549220576046,1.4753738961781369
1.971985623830403,1.79448118098915
0.34792330342030686,-0.044297431905410356
0.16046467219324612,0.21733820598448883
-1.0,-0.49326963636095855
0.3923174227787607,0.2702783047466446
0.0874628412503391,-0.04047409333859169
0.13750352374993557,0.39259280074383857
0.547487795302493,1.0318287705315055
0.6780719051126378,0.7787776157630195
2.0356239097307216,0.7449147746452147
0.0,1.5102304237280522
-0.6605135337283334,0.2066017835853566
-1.450825828069621,-0.5939744590498981
0.12553088208385876,-1.0017329361037035
-0.5052353082504224,0.13192068966495707
4.764286200165719,3.9122562805018877
0.6214883767462704,-0.439954151560922
1.087462841250339,0.5454719444440617
1.6559290220752994,2.2977259338291365
-0.19264507794239583,-1.7145400122725287
3.0,2.6983156744646104
-0.14684138832927118,0.6069602972534107
0.9652345818393231,0.37444823892286816
1.054447784022376,1.074150872974776
2.752072486556415,1.6579404393922796
0.19930880822340669,0.4363109441670361
0.0,0.42172099275813335
5.529820946528696,3.5342240194904737
0.0,1.5447817983576793
0.28950661719498516,0.3588443770615305
6.06216882108643,6.1941865594984185
0.485426827170242,-0.9729777600231508
3.4474589769712214,2.3757011357936917
1.3923174227787607,0.6214899119188942
2.7369655941662066,2.3182995761167415
-1.3698380798487477,1.5351652718115587
1.2537565922457827,0.6510520346227032
2.6907571647437534,2.215528951275969
2.0703893278913985,2.1842684112696054
0.4474589769712214,0.531176233173859
0.0524674198941355,1.1938131401538556
1.1375035237499351,-0.24130174074035393
-0.44057259138598104,-0.8682749578833358
0.0,-0.1169067347507349
1.0473057147783562,0.9243095564508881
1.432959407276106,-0.3651013205658241
0.7136958148433594,0.8624468512067202
0.0,-0.3419295742122799
0.4150374992788448,0.9018232246433024
0.0931094043914813,-0.41176196262192327
0.1154772174199361,-0.3973975422683669
1.3692338096657197,1.076041289977324
1.6780719051126374,1.7583192925399456
0.31034012061215055,-0.1636274728501486
0.6780719051126378,-0.0966629620238788
2.678071905112638,2.2245936380710023
1.0703893278913985,1.652915232617877
0.44057259138598104,0.9228285887134321
0.3219280948873626,0.6826607474572319
2.0,2.0118724148850595
6.06216882108643,5.471954116155553
-3.3484003062485534,-0.4747382662143272
-0.1154772174199361,-0.4325607500307369
-0.793549122532573,-0.04677037176649792
0.12553088208385876,-0.31170314467794746
-1.1699250014423122,-0.2630454416625312
0.6520766965796931,0.38748655562180917
-0.17508670655809144,0.6030954099696496
1.2444187276664471,1.846507215872696
-1.1332665308634642,-0.24849632831051707
0.0,-0.37153351834712217
0.6731896837328915,0.3013409601470916
0.0,0.618443848081383
2.0,1.296825601486368
-0.24100809950379443,0.07453735447258766
4.266786540694902,3.2908085829379106
1.2223924213364477,1.2947910315151174
0.0,2.0564455276244784
0.23446525363702353,1.546343672315908
-0.20645087746742652,0.05341067433261437
1.214124805352848,1.304653617025699
-0.2223924213364481,-0.9935517996206705
3.0,2.413279328882225
-1.3575520046180838,-0.33371293970277405
0.27207954543680124,1.6563150393297936
-0.3219280948873626,0.5119690235147019
-1.2439255828860896,-1.0044615949524753
-0.7104933828050148,-0.6202651577534808
0.29956028185890826,0.9190708111448612
1.6229303509201771,1.2500233111981256
0.06926266243711332,0.5390547127969921
0.6374299206152916,1.0886232262918805
2.0356239097307216,1.2518911217612299
0.8624964762500653,0.9445653242509133
1.865070419913891,1.3113856307436293
-2.8744691179161412,-1.9240561084732828
0.0,-0.5699234341292403
1.7589919004962051,1.1900341979545064
1.4947646917495776,0.5102613908552334
0.1671099858352587,0.6832266764144086
1.4947646917495785,1.1456302387355541
0.09019780897157847,0.41732972971183324
1.054447784022376,-0.396473746238021
-1.0324214776923775,-0.21013635982942067
0.0874628412503391,0.24793129766110647
0.36257007938470753,-0.005156511644749569
0.3923174227787607,0.55106334165977
0.8073549220576046,1.3188024279751454
1.3692338096657197,1.258807707246563
0.6780719051126378,0.6951221097750209
0.7884958948062879,0.01670780081959844
-0.9278502142441649,0.694247385115429
0.5405683813627027,0.7429949667071978
-0.9068905956085187,0.2705404618041028
0.6780719051126378,0.5029756187200514
1.2537565922457827,0.6520675151510458
-0.34792330342030686,-1.2090849041917924
1.9754776808659313,3.012713666421421
-1.0641303374197157,-1.1232266910202993
0.5145731728297585,-0.5047864717865074
1.6322682154995127,1.736237242252977
1.4505797647413612,3.2644728787963175
1.0747677684019727,1.531677189562942
0.23446525363702353,0.20538053527682054
0.5145731728297585,0.9258743531645204
-0.10893437155316477,0.6328007673549101
-0.20163386116965043,-0.65954167089624
1.352301743930881,1.5020387588766044
1.6322682154995136,1.327542700931664
1.054447784022376,0.7666310568301286
3.7425037777076358,3.5155678539484256
0.0,0.39590949955807025
0.0,-0.0688642315744162
-0.2995602818589078,-0.30449051917294667
1.8073549220576046,1.4582154601625865
1.1069152039165115,0.4630638352744538
5.529820946528696,3.213994124634794
1.6571122864769916,1.9115526827583487
-0.32192809488736174,-0.16643699070104598
1.5525410230287786,0.769560123021839
0.4150374992788439,0.2934033085345771
-1.7776075786635523,-0.4763763282167191
0.3014297845708045,1.3496453590992836
1.0911478880581953,0.7670712345442698
-0.3818706353436445,0.6020699602247894
1.7264349266740364,1.4820476063756396
-0.362570079384708,-0.5015999561445936
-0.5267478867758602,0.4887518244015819
-2.057715497856287,-0.09406699231438048
1.1699250014423122,0.36068672827623555
-0.24227584566699711,1.6965390604394621
-0.19264507794239583,0.13847063309286
-2.587389238115696,0.31126192631220556
0.0,-0.5283943591355778
1.4947646917495776,0.34794409446256225
0.0,0.35660605302583676
0.6214883767462704,0.20153047086229503
0.8744691179161412,0.5197976085883821
0.0,0.04734306720758544
1.432959407276106,-0.4537842064206077
-2.8137811912170374,-0.4774202965435385
1.6280312226130418,1.6798066509686804
1.4947646917495776,1.0225918107209242
1.1096244911744986,1.594391164152352
0.4195388915137839,1.4771540447438145
0.6291623046316914,1.4063046859710566
-1.263034405833794,-1.52503821818554
6.5016841056893675,4.074541961096676
1.054447784022376,0.3067730396143452
1.0703893278913985,1.6403333130854842
0.4329594072761056,-0.30182582027611526
0.0524674198941355,1.157018292769046
1.8345763907926278,1.1258980759511235
3.6438561897747244,3.8101647974834054
1.9601072728764866,1.3097229653361038
-0.5849625007211561,-1.1698020948013956
-0.4150374992788439,0.19059920386327933
3.5405683813627027,2.1096035773704216
1.6780719051126378,1.3245793852153271
-0.46948528330121997,-0.8487306598170038
0.5618788876081151,-0.003063923519930851
1.3575520046180838,1.1665295952279613
0.20645087746742652,-0.06319238605372814
-0.02046410255971587,1.6699556876518609
1.0000000000000009,1.1709358727144303
0.6731896837328915,0.27808708618695777
0.8624964762500653,0.2362199178927351
0.2837929660005907,0.43883400966821673
-0.6280312226130418,-0.09073029579246741
1.7655347463629765,1.0059326558953243
6.742692205193163,4.237186503757088
-0.6629650127224291,-0.994523130371795
5.392317422778761,2.745847071172913
4.266786540694902,2.9239445718034816
2.5800720043740837,3.818133944929486
2.2976805486406855,2.7402809730160067
0.23446525363702353,0.7606980672943171
1.0000000000000009,1.0834441356674154
1.0473057147783562,-0.3764859659368578
-0.055141554192460696,0.251548078556643
1.9142701259741162,1.45128809761567
3.0,3.006832898841304
0.8073549220576037,-0.0703146765159138
1.6780719051126378,1.4515486003609792
0.6780719051126383,1.104123340895578
5.151309323274965,3.57327116102688
1.415037499278844,0.9914822064716273
0.0,-0.1881291301439265
-0.4854268271702411,-0.37089831940643314
-1.4208431209600496,-0.5802938403420421
1.7655347463629765,1.701203878572124
1.549338590990435,1.235432288802233
1.2274104961030723,0.846606628348437
-0.2115041051937121,-0.5998757479882378
-1.1502426355806126,-0.5329012629740041
4.750771393691236,2.580676799378475
0.7484612330040363,0.7783795241695884
1.9411063109464317,1.218259533842737
-1.8073549220576042,-0.9412606635935443
0.09621531525930305,0.19421653262707783
0.8744691179161412,1.2326270099137477
-1.4594316186372973,-1.0209289440634057
0.7964666059148682,0.14785123928191454
0.7884958948062879,0.9850967706786693
3.6667565918848033,1.0635935390493065
0.11103131238874386,0.2170274186047889
0.9541963103868749,0.27807417085026337
-0.5405683813627027,0.44803989244736386
5.351675438281415,5.028286975468402
0.0,-0.30200226153608334
0.2995602818589078,-0.5556323395152818
0.19930880822340669,0.3103876575554137
1.1069152039165115,0.21030992246142421
-1.0506260730699677,0.020211300782815966
0.7182290315846203,1.6411372181895083
0.0,1.9368497822578579
-0.10691520391651199,-0.8270305462840315
0.5525410230287786,0.05925689229815497
3.0,2.433517139124958
2.0297473433940523,1.4926516978094648
0.0,1.6974618689237488
2.415037499278844,2.2086642364635694
1.3320760502634448,0.601696401297017
0.10691520391651199,0.14942877531166243
1.6280312226130418,1.49610076771049
1.6520766965796931,0.8539387297763782
-0.3677317845004877,-0.1249383287750509
-0.029146345659516015,0.7135991367717306
0.0,2.2263290577533428
-0.4474589769712214,0.4565603869769811
2.087462841250339,2.354715421974217
-0.8073549220576046,-1.1234034938408446
-1.0641303374197157,-0.8277991387069146
1.0159415438690216,1.3120941314264754
0.4854268271702411,1.1580472474181773
2.7369655941662066,2.2563685395126374
3.4474589769712214,2.7062868466716488
0.4150374992788448,0.8859959934252734
0.0,1.4411447952999599
1.3479233034203064,0.49492173379171217
-1.506959988719883,-1.1439194839741305
3.4474589769712214,2.901136497655823
-0.24227584566699711,1.426656936055881
1.1255308820838597,0.47813600339420503
2.292781749227846,1.8433222367063884
-0.04890960048094595,-1.1087508124361398
-0.6214883767462704,-1.181378214646255
2.9068905956085187,2.9015436872888003
0.728697978182606,1.1129748138013016
3.2882449686310733,2.444488318280765
0.5910990265231071,2.9400491427842557
0.8345763907926278,1.0540678099980205
1.0473057147783562,0.8741101574947158
0.361336479445598,-0.06260429371915817
0.9541963103868749,1.092680673763269
-0.18442457113742705,0.43173313213068387
0.8744691179161412,0.43246310465769616
0.0,0.5573637248404483
1.1069152039165115,1.455510781332788
0.7136958148433594,1.070320605123539
1.3575520046180838,2.010637974853194
6.742692205193163,4.416068377107839
0.15488560197817147,0.7542269809714517
1.0761716804854045,2.542179581619737
1.8981203859807865,1.7434727224029085
1.387023123109247,1.1722690377425142
2.0,1.8888385750170773
0.0,0.11666714793315877
0.903784684740697,2.117828188948291
3.9835118772114306,3.457891905126658
1.1420190048724281,1.7382109331357438
-0.3219280948873626,-0.13627652157832604
1.6229303509201771,1.2926040135639483
6.06216882108643,5.527485423458775
5.529820946528696,3.602091053086844
0.24616058726939727,1.541858654637671
1.3479233034203064,1.5129617502920156
2.0752881273042374,1.1636157172230144
0.361336479445598,0.5279814998869735
1.5525410230287786,1.127790936739585
-0.07155326102503334,0.22455324656301048
1.280107919192735,1.2015191687917672
0.19264507794239583,0.2552825618148219
-0.6280312226130418,-0.682347893175111
0.06711419585853662,0.6677731205463118
-2.023083613113042,-0.6515623841742817
1.782562460606317,2.985043727581865
-0.17508670655809144,0.6134761640001065
4.121015400961365,2.387357662834249
-0.16175106999661182,0.03149748089394583
1.2537565922457827,0.5894292234528408
0.900464326449085,0.3122683306168176
6.742692205193163,4.2461538391261335
0.8479969065549495,0.5687072254152177
0.9569312781081143,0.6470496872722881
-0.6280312226130418,0.008930780138018728
0.0,0.43548274724423985
2.8194277543581796,2.1022784006944906
2.0,1.0942982287669334
2.7880543660986685,2.687924664479263
0.061776197586690174,0.9066697800243431
2.2976805486406855,2.7342616332473906
3.9835118772114306,3.4268570309924904
-0.9434164716336322,-1.136249766717791
0.23446525363702353,1.637395208541133
0.3870231231092469,0.9679382406648349
5.129283016944967,3.240389476871112
3.4474589769712214,2.72310300966108
-0.7004397181410917,0.3341972838395304
1.1069152039165115,1.1700229732299707
2.3074285251922477,2.6396338127115166
-3.8994731240460356,-1.5310290581003072
0.6214883767462704,0.3049308487083795
-0.7104933828050148,-0.41615603370567655
0.8073549220576046,0.7974454046068359
0.6374299206152916,0.9339829848143427
1.1468413883292707,1.364351662245832
5.151309323274965,3.886702864417132
0.6780719051126383,0.5112040667260065
0.5405683813627027,0.38296592154887144
2.048909600480947,1.7713035989800998
0.9328858041414634,0.37618483466644437
1.1699250014423122,0.3047695435514258
-1.4208431209600496,-0.6124315884018705
1.7655347463629765,1.501177773010722
1.549338590990435,1.4116811970058802
-0.19264507794239538,0.48509109358833846
0.24100809950379487,0.6643105393376059
0.22239242133644765,0.6400004768193648
1.4947646917495776,0.7234328722391932
-0.04182017569462726,0.1437005814120078
0.0,-0.1424801823124353
-0.362570079384708,0.15863359522162046
-0.022900402110078488,1.885136271406773
-1.4551946257508268,-0.1488305812395086
1.6780719051126378,1.0979914539864064
-1.4947646917495776,-1.285008492493656
0.3923174227787607,0.49645208838261823
2.350497247084133,1.783949459201171
0.0,0.3215121255308684
0.0,0.05355124097141842
5.228818690495881,3.8387962095107264
0.6780719051126383,0.9760731150121401
2.2143191208007664,0.882329932757593
-1.0506260730699677,-0.05707185726791986
0.5145731728297585,-0.6159975698198353
0.6280312226130418,0.7338010986962445
0.23446525363702353,0.10859613357892584
0.4150374992788439,0.5194411842764259
0.485426827170242,-0.2701998507304595
-0.09019780897157847,0.11528893806983898
0.4150374992788439,0.6941218011799704
0.485426827170242,-0.28865912490760137
1.1069152039165115,1.5230328805519417
0.43063435432986186,0.29831616581056397
1.3692338096657197,1.1030890550153623
0.5849625007211561,0.4623567052746479
-1.7589919004962051,-0.36699124306050984
6.06216882108643,6.309236269021119
1.9360369412680347,2.7488133861572543
-1.7776075786635523,-0.5857254560605842
-0.8073549220576046,-1.2099704892064762
-0.025686643663648923,0.33578633478159237
0.19264507794239583,-0.028212350726604996
0.3014297845708045,0.9845490855511285
1.971985623830403,1.1041844500455713
1.087462841250339,0.009368791990931595
0.0,3.3081902240877166
0.5431423250265288,0.7003812689441722
0.0,0.690504313743152
-0.2223924213364481,-0.01124231815278609
0.0,0.4321104391012244
-1.1069152039165115,-1.4928226957438848
-0.18442457113742705,0.657756123520394
0.8345763907926278,1.048907545540318
1.6280312226130418,1.2816433815517219
0.8744691179161412,0.5243587726028149
0.7842713089445628,0.6995530130764607
-0.4150374992788439,-0.8346250579471143
-2.8137811912170374,-0.6647967618440086
-0.5525410230287786,1.0414471083940104
1.0,0.38706845982269433
6.114660982580121,4.0512308522015505
4.821160721582635,4.8506190416812
0.7062687969432897,0.28897080717435875
0.5405683813627027,0.6970967623777631
-0.3677317845004868,0.14673454682579995
0.12553088208385876,-1.0936198545466294
1.1069152039165115,1.6406637669321926
1.415037499278844,1.0308299301957031
1.8345763907926278,1.1587248940536345
5.529820946528696,3.6989564806770168
3.6438561897747244,3.9075387990889587
0.24100809950379487,-0.2693448454101437
0.0,0.9350048689986856
-0.5849625007211561,-1.3705298857706287
0.0,-1.0215799576395652
1.3692338096657188,2.1287010912140656
1.5525410230287786,1.047352483978128
6.742692205193163,4.2731163248486475
-0.1154772174199361,-0.6459361823718677
4.214319120800766,2.5572451488261168
0.5618788876081151,0.12841848386394988
0.5972408304995929,0.9844107415791724
6.199672344836365,6.31822329476407
2.152275274379898,3.0564059773940384
0.7589919004962051,1.010989209808736
-2.023083613113042,-0.6621688650598351
1.3575520046180838,1.1693961725177147
-0.9840584561309784,0.3185210961686515
0.8339900485610707,1.2548738978911724
1.0000000000000009,1.1104049044332163
-1.887525270741588,-1.3713699918297082
1.3320760502634448,1.547005505993114
-0.6280312226130418,-0.04882720403165227
-0.44057259138598104,-0.8997133756440138
1.6520766965796931,0.739122091577716
0.7589919004962051,0.45202721661425294
-0.8556100906648245,-0.7977072488782005
1.8744691179161412,0.6590718720386488
1.0984037040609946,0.826243467788667
-0.44057259138598104,-0.34653333074607606
0.0,-0.002814326991855909
0.7520724865564148,0.4236496610090541
0.0,-0.6866884946599654
-0.20645087746742652,-0.0033556263958858246
-0.28950661719498516,0.34597385785248086
3.0,3.0242417448558245
0.7369655941662066,0.31988005017304344
0.8073549220576037,0.04825692543168947
-0.8744691179161412,-0.7786194563474148
1.6918777046376685,0.653882578250157
2.4069641987431627,1.9823484576762826
-3.8994731240460356,-1.5492088194134297
0.29956028185890826,0.8634619615280699
0.06926266243711332,0.5309296032501808
1.8744691179161412,1.6232527206667036
2.0443941193584543,2.5002867612208877
0.7589919004962051,-0.05587008716829289
0.19930880822340669,0.3840772295841778
0.0,0.036584312416278575
0.0,0.21194222139482033
2.155278225477911,1.9320485911261134
1.4947646917495776,0.6457004220763833
0.739848102699328,0.7154450385687061
0.09019780897157847,0.45845455136260893
-0.09953567355091453,-0.7601010122411018
0.19264507794239627,-0.6733104717393958
1.8639384504239715,1.2633114585836782
0.28010791919273537,0.42041005968158707
-0.768184324776926,-0.30772830156713904
-0.362570079384708,0.10952964148334288
0.12553088208385876,-0.9826212839918238
0.547487795302493,1.1223398856852302
0.7964666059148682,0.2799216774413257
-1.4947646917495776,-1.37786801775299
0.3923174227787607,0.5472937185033356
0.8073549220576046,1.3152732872688064
2.350497247084133,1.7563051965239516
0.9541963103868749,0.3517978951095837
5.954196310386875,4.036751202802449
2.0356239097307216,0.7174810760091704
-0.46948528330121997,-0.7942999742938818
0.5208321633014403,0.20386776822410957
1.6974372299795686,1.57759774599063
-0.23446525363702353,-0.1858430542778598
0.24100809950379487,0.24662532507525237
2.2143191208007664,0.8327118679832799
0.9663168737437111,1.4034792991126412
1.087462841250339,0.39704619448577805
0.24100809950379487,0.49376546311944486
1.6559290220752994,2.3582256335177028
-0.3219280948873626,0.042340871052362505
-0.20645087746742652,-0.09030416822319975
0.485426827170242,-0.17316775252227412
0.1154772174199361,-0.9677958575983305
-0.20163386116965043,-0.6302930930627676
0.7776075786635528,1.2062045068674778
-2.0443941193584534,-1.9166035245533184
3.4069641987431627,2.2963586378080265
0.0,-0.16430719913470554
4.866248611111173,3.3646759755601168
-0.07400058144377741,-1.0966711897351502
1.7264349266740364,1.2695363315916965
0.09621531525930305,-0.1353251385061649
0.0,0.1398696051701518
0.21008552588483376,0.524448230449597
3.0,1.1538201591051807
-0.497499659470817,0.4340682651906078
-1.704544116473829,-0.08436663650994038
-0.1979393776119096,-0.09633312952500707
0.27207954543680124,1.8438868724384787
1.4594316186372973,0.8641262999504973
-0.8813555035013811,-0.5839659084691534
2.7369655941662066,2.3831397681187174
0.0,1.6429727464765347
0.8845227825800648,0.9382512759869964
4.936637939002571,4.906704818201654
1.3479233034203064,0.6348095154389063
2.0752881273042374,0.8435772360928828
1.0752881273042378,1.0352148498450764
2.9068905956085187,2.9439178686839833
-2.587389238115696,0.10123927095660522
1.1375035237499351,-0.2911956125699031
1.087462841250339,1.7576328002828707
0.0931094043914813,0.9978652238538721
0.0,-0.06770057744925878
0.26303440583379434,0.07598928972966776
0.3219280948873626,0.6036668579296958
6.199672344836365,6.593014536799829
2.3985493764902746,2.0405074051943233
1.3692338096657188,0.8797087299148358
1.0,0.4594832908688816
0.0931094043914813,-0.5167398281634119
-0.12553088208385876,-0.11546689309757359
1.4947646917495776,1.135831045999232
0.0,-0.812472730583196
0.13750352374993513,-0.19705678823289574
1.4947646917495776,0.5297969918655399
0.12553088208385876,0.24792847842862153
1.7328079686925504,2.530719905423878
2.0,1.951328146979768
0.0,-0.08567852158292022
0.5405683813627027,0.03759628295454276
1.1069152039165115,1.58106093363254
2.299560281858908,1.887391065284282
0.0,-0.5939684928925799
-0.6248552278446695,0.06849603141398866
-0.2801079191927349,-1.33138588110537
0.0,0.17646728637155457
-0.7224660244710908,-0.08664187457167284
-0.4150374992788439,0.22271127168198157
-0.5849625007211565,-0.6666991494962791
-0.1154772174199361,-0.38839383209338685
1.912537158749661,1.3532178024270087
0.5972408304995929,1.0182719878043003
-0.6280312226130418,-0.8804650902027816
0.07800251200127306,-0.11909521132251655
0.0,-0.4843749869128282
-0.16992500144231126,-0.3879545538702458
0.45637829465974367,1.1726236347141776
1.7655347463629765,0.9993800611011449
-0.6629650127224291,-1.0312697138008462
0.8073549220576046,0.3862462099909858
2.2976805486406855,2.8330564286101554
-0.03394733192333721,0.5403567381974415
0.613645255425241,1.728842071931139
3.1813297647145613,1.5642723315125822
-0.4854268271702411,0.45643304508955174
0.8624964762500653,1.9743077913704685
-1.506959988719883,-1.5714130896131024
0.0,2.16982181095043
2.2630344058337934,1.3330957188131491
-0.7104933828050148,-0.6548049108871812
1.5405683813627027,1.5620285753985508
1.6229303509201771,1.2189388127471523
0.6780719051126383,1.0112515979882293
-0.19264507794239583,-0.008330683120182814
-0.2801079191927349,-0.5113271609630281
1.9757524537533229,-0.14910722235503138
0.3410369178350665,0.782674163154467
0.8073549220576037,1.1796703883302708
1.971985623830403,1.7577036707446976
0.24100809950379487,0.6180931959501922
4.643856189774725,3.53625540346971
-0.2995602818589078,-1.0395519911192042
-1.8073549220576042,-0.6233072051053898
1.2444187276664471,0.5237152551852107
0.0,0.022254660537490922
1.0671141958585366,1.3223943516966934
2.8194277543581796,2.1122844940514676
3.7425037777076358,2.8262035025449945
0.15200309344505047,0.29163391611450956
0.06926266243711332,0.6487887817268484
1.9754776808659313,2.6800779635033423
-1.1053530001462288,0.8338252327769774
0.4768136968655341,-0.1879042472920412
0.0874628412503391,-0.4672522327317559
4.764286200165719,3.6920013455644964
1.6280312226130418,1.758363654877965
-0.14438990933517548,0.26125826310072764
0.0,1.5771636673408151
2.292781749227846,1.7605805155346503
0.8845227825800648,0.7684055540228333
1.4594316186372973,0.03475644208961646
0.3448284969974411,1.4744795570799465
1.415037499278844,0.853022937530034
0.0931094043914813,-0.889864828518628
-0.029146345659516015,0.7023319924674528
0.0,2.414160844506932
1.5525410230287786,0.6634834524803168
0.7062687969432897,0.5395716866569574
0.4150374992788439,0.47623640546493506
2.4232114307245443,1.8335059979040143
-0.8073549220576046,-1.1965346888842452
-1.0641303374197157,-1.0578440586943403
1.3504972470841325,0.29856790442826225
0.8744691179161412,0.972034783327992
2.8194277543581796,1.9428189281191535
3.4474589769712214,2.386260088185844
1.0911478880581953,0.6733569487674715
0.33703498727757175,0.7560566885527505
0.0,1.4322718129418786
1.2537565922457827,0.5464438917836784
1.7520724865564148,2.0972569428711663
2.4232114307245443,2.390642736564116
4.821160721582635,4.6845370818348755
0.22239242133644765,0.2565921984146828
-0.8073549220576046,-0.8392908508191382
-0.1154772174199361,-0.1254137649942384
5.228818690495881,2.9899822361207633
3.2882449686310733,2.6054353178346488
1.087462841250339,1.8205898466610528
1.1375035237499351,1.004909988963101
1.6322682154995127,1.6889806629843758
-0.6918777046376685,0.2364749485509079
0.3219280948873626,0.4652114969877176
0.6214883767462704,0.22732638716389142
0.0,0.45408542999303425
0.0,-0.017675669295726656
0.23132554610645517,0.501380321579039
-0.5405683813627027,-0.4163532974908674
1.1096244911744986,1.6426720181991872
-0.04890960048094595,-1.2309801382041743
-0.4150374992788439,-0.3326850554644777
0.6780719051126378,-0.13780102830934782
3.9835118772114306,3.634953607459184
0.5405683813627027,-0.03126557209715719
0.0,-0.7459291347570569
1.2537565922457827,0.5695294629138078
6.06216882108643,5.535453941432385
0.8479969065549495,0.2713748239531987
0.947532580105864,0.5665991444344584
1.502500340529183,1.3376865633846027
1.3479233034203064,1.2737137142225687
1.4012239239101554,3.012385796694507
1.087462841250339,1.7569395288741574
0.7655347463629769,-0.10593402930285567
-1.1069152039165115,-0.9056875138421524
-0.6280312226130418,-0.940591448928527
0.3870231231092469,-0.3127863658530066
1.6322682154995136,1.3282728100071277
-0.26303440583379345,-0.30460788582026543
2.476438043942987,2.4836659344969116
1.0000000000000009,1.1630679543111846
0.0,-0.6500614116097225
0.2837929660005907,0.33209288469709
1.4474589769712214,1.0316482396611975
1.6322682154995127,1.9516393535954095
1.3479233034203064,1.0151697569614435
0.2223924213364481,-0.48582535171482244
2.7880543660986685,2.895890683415848
0.8073549220576046,0.306977119289775
3.5849625007211565,2.162785825898081
2.4863986662375677,1.690690539932437
0.6780719051126378,0.7957937250562415
1.0000000000000009,0.9685060423632961
0.0,-0.6549959575523878
0.5849625007211565,0.09255706687503136
-1.5215371205795227,-0.29382641296075557
-0.3785116232537291,-0.6702629927461256
1.6121839694561797,1.775785040283454
1.6322682154995127,1.190690574206232
3.1813297647145613,1.5603834691100946
1.1069152039165115,1.1734561374535897
5.266786540694902,2.656173182880506
1.4069641987431627,2.318245973246366
0.6214883767462704,1.1094581794102711
0.361336479445598,0.4729184974340902
1.1468413883292707,1.330766445120156
1.415037499278844,0.8869450857268738
0.04306872189188571,-0.17706794193402403
2.8194277543581796,1.7467691833333139
0.8624964762500653,0.8230551779704707
2.9360369412680347,2.4684510055105946
-2.3471653863863855,-0.8514871076494046
0.34792330342030686,0.46139138699732096
1.6322682154995136,1.0410402013432922
1.1699250014423122,0.25756996014524836
1.7655347463629765,1.6128238696855304
0.0,0.17970649528896862
1.502500340529183,0.8870277925886567
1.9411063109464317,1.8266371295994055
-1.8531586116707288,-0.11064126368892863
0.0,0.05100064230707495
1.2370391973008492,0.8840574027896764
-1.9634741239748865,-0.09115721002824029
-0.15241523315386374,2.072951211380871
1.3692338096657197,1.3083443726948127
0.24100809950379487,0.21868050205134182
-3.1565044856799904,0.6624410797022132
-1.1636660109706298,0.11226813409680857
-1.450825828069621,-0.24958521764804048
0.06926266243711332,0.6848934047338474
1.2537565922457827,0.781183790771244
0.0,1.2939741917706866
-0.547487795302493,-0.37158210782223655
-0.14438990933517548,0.1556475040535108
-1.880418384247327,0.4375506864632145
1.2976805486406855,1.2274067347199744
0.1154772174199361,-0.3870711652169887
-0.1154772174199361,-0.0068234519861503085
-0.09019780897157847,0.11231142930772203
3.7425037777076358,3.1836455489125637
-2.0443941193584534,-1.4574243581039648
-0.023586820317616386,0.02908894505917774
-0.8395353278067539,-1.193778665026506
0.3448284969974411,1.6494554651626019
-0.9284467389749667,-0.24811865762097965
0.15488560197817147,0.6700280599653303
0.0,1.5583720247950692
-0.497499659470817,0.43870981284531885
-0.2223924213364481,-1.033586232958196
6.06216882108643,6.26799158850632
-4.832890014164741,-1.7641465654699953
0.5525410230287786,0.7215668362358185
6.199672344836365,6.3460414543952295
-1.0242475462466771,-0.04062566484932881
0.0,3.3812037084241573
-1.0641303374197157,-1.0534323366628422
0.3131578852596304,0.2554222448818993
-1.8402195559632313,-0.48661927144343997
-0.13750352374993513,-0.35655452606842075
-0.24227584566699711,2.21042858272995
-0.7104933828050148,-0.7823876019632308
-0.19264507794239583,-1.0285884342610059
1.7224660244710912,0.5620179933882045
1.6280312226130418,1.4036897717731247
1.0159415438690216,1.2654906494124845
0.0931094043914813,1.0143655891403152
0.0,-1.5150103595130768
-1.0506260730699677,-0.9256557148430745
0.8744691179161412,0.5079101219274693
-0.16992500144231215,0.4407936231813404
1.4947646917495776,1.3326775216413125
1.054447784022376,0.47645798822389107
0.7062687969432897,0.05883536438127956
1.0761716804854045,2.6132278782983573
0.0,-0.13579620793377611
0.13750352374993513,-0.18571215982518985
0.6780719051126378,-0.014379766187530674
-0.6438561897747244,-0.12871917156775958
3.9835118772114306,3.558618772612842
-0.5849625007211565,-0.7473247933094718
1.4854268271702415,1.1856300673245812
-0.7725895038969268,-0.3009212507993971
-0.7776075786635519,-0.7033963476280138
-1.6844981742720706,-0.6728388792472879
-1.85466063683596,0.6042687555386931
1.3692338096657188,2.3611486835553515
-0.7004397181410917,-1.0945313723463854
6.742692205193163,4.173896760879452
0.5618788876081151,0.05895328274104472
2.061400544664143,2.2752293027565504
-0.11547721741993477,0.48836245543976553
-0.02046410255971587,1.83269776297305
2.476438043942987,2.3644487238589855
-0.584962500721157,0.07818179292449229
3.5849625007211565,2.641101983598915
0.10187961401921353,0.42871253287592903
0.9759143814756879,0.8012898537122619
0.3870231231092469,-0.23330627201120696
1.6229303509201771,1.555960386568934
0.12553088208385876,0.7111816075670777
-0.7045441164738291,-0.13849873178360006
1.0000000000000009,0.9527736673673682
0.0,-1.440726225337947
0.19930880822340669,0.5660171954407405
2.212993723334198,1.8791003468784224
1.765534746362977,0.9611283218600729
3.355480654598389,2.133523520409136
0.7369655941662066,0.3136195313840565
-1.0588936890535683,-1.0256294502863532
1.3667823306716231,1.6879463907754326
2.2630344058337934,2.0703412859135177
1.7078192485066896,1.2294870619218399
1.1375035237499351,1.0870053757143
1.4012239239101554,2.8991640231713527
0.0,-0.9275793178077785
-2.3471653863863855,-0.7254862370518734
0.0524674198941355,0.11267072366049653
1.1805722456418204,1.3247607447315035
0.6918777046376685,-0.04344237783404304
1.9757524537533229,-0.020710411703444922
-0.34792330342030686,-0.8869962910596463
1.295455883526171,0.48441749847996235
-0.19264507794239538,0.42540831893544984
-4.105534414172357,-1.8222002074795067
-0.09953567355091453,-0.6796796854851882
2.596367263993405,1.5866270274789276
0.24100809950379487,0.32204455780754865
0.8744691179161412,1.3572121511566437
0.0,0.27582123222574284
0.3219280948873626,0.025815103432857853
-0.022900402110078488,1.9198520849655434
3.5849625007211565,2.1326518410403374
1.6780719051126378,0.9028402502364359
0.0,0.15406557078203464
-2.838456139345344,-0.7195365243478244
-2.8073549220576046,-0.24566389586058565
0.0,-0.29934124963942077
5.228818690495881,3.771958419163036
1.0,0.8827350370960079
1.9754776808659313,2.6848847890318503
0.0,-0.6389296624693442
-0.10691520391651199,-0.7295556442068527
2.0752881273042374,1.3214906356971676
1.3692338096657188,0.5630273395128669
-0.8259706002249514,-0.6883625313458117
0.5145731728297585,0.8492463651362161
0.691877704637669,0.6384364905934378
0.9306607959260855,3.608278062441772
1.054447784022376,1.2498168110516559
0.485426827170242,-0.2800840163176853
-0.03394733192333721,0.5639888606439988
1.4854268271702415,1.042980285992286
-0.9284467389749667,-0.6802460707690609
1.2334901302197778,2.626760022613234
1.1069152039165115,0.5434762670947717
1.6229303509201771,1.3830634464259488
0.5849625007211561,0.7622131328100625
0.0,0.45812696742608805
-0.3677317845004877,-0.21251919847550715
-0.32192809488736174,-0.06891676141441577
-4.832890014164741,-1.9054255608659951
0.485426827170242,-0.6855439417398644
0.400537929583729,0.5006466008963529
-0.938599455335857,-0.7256880558318748
0.3014297845708045,1.141203523892903
-1.9751966089994273,0.22358647496311113
3.4474589769712214,2.430616292830476
1.087462841250339,-0.01844515000579231
-0.3818706353436445,0.4168465418493117
0.23446525363702353,0.6072246387523809
0.0,1.4178254245910753
0.8845227825800648,0.8495362929971393
4.936637939002571,4.822713364441889
2.2630344058337934,1.525170676251992
1.0159415438690216,1.1206379607440622
1.8073549220576042,2.158363588996978
0.0,-0.196217844473959
-0.4854268271702411,-0.8125294352032225
3.2882449686310733,2.5709397004986343
1.0473057147783562,1.2733201955058455
1.387023123109247,1.4793509098454267
0.5618788876081142,1.3087777444066866
1.4947646917495776,0.7608848073567283
-0.10691520391651199,0.06310600875643402
-1.0506260730699677,-0.9949597276216973
0.361336479445598,-0.08850132391985893
0.7062687969432906,0.5276928429855019
0.0,0.36327155037801817
2.1950159824051427,3.0534596899539643
-2.342392197447078,-1.0733743224637011
-0.5145731728297585,-0.5859830067044403
-0.16992500144231215,0.5052053138524956
6.742692205193163,4.627491036166788
1.1096244911744986,1.5652850676695529
-0.9328858041414634,-0.3795954638288664
0.728697978182606,1.2782609537242235
-0.3677317845004868,0.3256980557757893
0.485426827170242,0.05402915464440361
1.415037499278844,0.963327253672903
0.7884958948062879,-0.3625984398162864
1.4854268271702415,1.1060619280642447
-0.2801079191927349,-1.208562349886246
6.06216882108643,5.658265994911959
1.9685041470707585,4.580485249259172
1.502500340529183,1.31943739999473
0.485426827170242,0.450136152766595
0.6780719051126383,0.4204269784602366
1.2106019777547647,3.6825237355576603
1.912537158749661,1.441771966070688
0.5972408304995929,0.8851616957288821
-0.3410369178350665,-0.46515803511018733
1.6322682154995136,1.3048536604578675
-0.24511249783653177,0.12241333394355125
-2.20013961448932,1.5977145484555872
0.4150374992788439,0.31123786185806257
0.20645087746742652,-0.19118144721319738
2.476438043942987,2.569043368134726
0.7218981460772644,1.150297882691366
0.900464326449085,0.17732723858954913
0.3719687773869582,0.669139007317419
6.742692205193163,4.347403580962569
-0.8556100906648245,-0.8939718935760851
1.0443941193584534,0.3575719547654717
1.0984037040609946,0.8440523911617541
0.6646513893503156,0.29796202262744315
-0.7045441164738291,0.1505317702417979
0.6780719051126378,1.431482989445115
1.1069152039165115,1.4015943816282377
0.7520724865564148,0.3335159314678178
0.5849625007211565,0.5348228740500673
1.1822033312207498,1.2967631289173336
-0.7369655941662066,-0.9723381170963077
6.742692205193163,4.091418043205646
0.1154772174199361,0.028968694394871264
0.9284467389749667,0.5661835971474467
1.4594316186372973,0.0005865569621518728
-0.3219280948873626,0.027778836792102357
-1.3575520046180838,-0.12182250464882782
0.27207954543680124,1.8349096579543156
-0.3219280948873626,0.4739578150283764
5.266786540694902,2.9171568560669834
-1.704544116473829,-0.04366910865087312
2.659730269123129,2.5747120112065094
-0.599462070416271,-0.15881512890493032
1.4069641987431627,2.419112012348557
0.6214883767462704,1.1268400012454491
-0.07038932789139807,2.156825554429393
0.9289169019385177,2.275038084586231
2.0443941193584543,2.608814341319289
1.034410030785832,0.9704848471000874
0.0,-0.9811351809584133
-1.3112016882943038,0.039135738581613747
-0.3575520046180838,0.2436191159165434
0.4995710094905119,0.614861294329981
0.8073549220576037,1.0211064772412735
-1.4208431209600496,-0.6746227392160302
0.1671099858352587,0.7181638819198776
0.0,0.22858459510300466
0.6780719051126378,0.2691862598903991
0.19264507794239627,-0.6516123137260593
0.6322682154995123,0.1449912897118385
1.502500340529183,0.7647398693194767
-1.8531586116707288,-0.5437242463852713
-0.04182017569462726,0.259261191918778
1.211504105193712,0.3100191268892959
0.7655347463629769,-0.022090989824088636
3.5849625007211565,2.210463140832348
-0.3219280948873626,-0.7298405104374567
1.8826430493618416,1.30873635810993
-0.6214883767462704,0.04048838600984791
0.5405683813627027,0.7025309381685679
0.0,-0.7291039390902951
-1.1053530001462288,0.8853359586235932
-0.7004397181410917,-0.9159439498867882
0.0,-0.7757302244314256
0.7589919004962051,-0.0733675854386467
1.6559290220752994,2.328772861756242
-1.880418384247327,0.4129701086878565
1.4947646917495776,1.1925894698598232
2.603821527972473,2.4611262353224945
0.925999418556223,0.9810925804083063
1.7655347463629765,0.6267486243189611
3.7425037777076358,3.2174706984702466
2.635588573791124,2.423426230003092
-0.2995602818589078,-0.15771511986914302
0.0,-0.6244310439072898
-3.1497816176464823,2.422193592161651
-1.7589919004962051,-0.30486523235528556
2.7369655941662066,2.2989030072350007
0.7062687969432897,0.3582084653526818
0.0,0.11045838944629349
0.7631080089684374,1.9442609557376413
0.18641312423088152,0.24085717818508057
0.0,-0.6838040240242665
3.764286200165719,3.101613697264908
0.8573956045572002,1.0431112050297247
-0.6100534816839867,0.27629412770092543
0.485426827170242,-0.33634649124750005
1.3598959450863832,0.6220250719092146
0.21008552588483376,0.48227371050113105
0.4150374992788448,0.9410136077253224
0.45637829465974367,1.3221814357678734
1.3479233034203064,0.7006490842946133
-0.5594274086140185,-0.6790586208343681
0.5360529002402101,0.8176575948580158
1.7520724865564148,2.1723929239513176
0.5849625007211561,-0.30231431776435413
-0.8073549220576046,-0.8181912686710645
1.7224660244710912,0.5355039857114782
1.6280312226130418,1.374263644768863
0.26303440583379434,0.1411695371986166
-1.0506260730699677,-0.954166126721584
1.1069152039165115,1.0418791255277562
0.9541963103868749,0.8809865991033672
-1.7041342016988343,0.12246780251963704
2.1950159824051427,3.0125468559433664
0.7548875021634682,0.7260345899566081
-0.5145731728297585,-0.33463719721106444
0.5272470028648693,0.5005153564357239
6.114660982580121,4.441643928832135
0.0,-0.16114173009477362
0.1154772174199361,-0.07874875270330284
0.6520766965796931,0.19835909321780631
0.15488560197817147,0.6557726707901348
0.0,-0.342118490384718
0.5405683813627027,0.6755953355896132
1.4854268271702415,1.2012519209581116
1.2537565922457827,0.6238851751448976
0.24100809950379487,-0.28068948926761217
1.502500340529183,1.3629364364001906
1.054447784022376,0.2661940086779866
1.2106019777547647,3.8209347222930665
-0.1154772174199361,-0.38490599713046625
-0.34792330342030686,-0.8649403020126816
1.2537565922457827,0.7511336220567338
0.0,-0.8017458116587688
0.7198920808072646,0.4434142243623287
0.06711419585853662,0.46890252810128363
1.6322682154995136,1.3521892613942283
-0.24511249783653177,-0.23863887302280098
1.7264349266740364,1.4582612820302487
0.7218981460772644,1.322278285503835
0.44057259138598104,0.7704906719031133
3.5849625007211565,2.683252029899231
0.0,0.7221958854774756
2.8194277543581796,2.234296556157411
1.3275746580285048,1.3443367766262486
0.8300749985576878,1.4423887033088616
6.742692205193163,4.3386539445368495
1.5126482959052652,1.509815853215947
-0.7369655941662066,-1.035425576694328
0.7369655941662066,0.45345949057663826
-0.3312059084753738,-0.15261548971067296
0.8073549220576046,0.9416391479459106
1.3479233034203064,1.1980279176989188
1.415037499278844,0.904620294336334
4.851749041416058,3.1662201483424974
0.0,-0.8463453292268666
0.0524674198941355,0.13767961812512333
-1.1468413883292707,-0.06305627032299888
1.0766212816029128,-0.24738696199725788
5.529820946528696,3.441836011159773
0.0,-0.03909722093015433
0.6918777046376685,-0.07365707395231959
0.584962500721157,0.6819138337555992
1.971985623830403,1.768638892403084
0.9541963103868758,0.8588769366367994
0.73050334353651,1.1417834579345336
-2.4208431209600496,-0.4335451427256027
0.547487795302493,1.053482813356788
-0.9098021910284215,-0.04287388079428418
-0.6605135337283334,0.47190708404175224
0.0,0.05556776500775884
1.0,0.5227544297014955
1.4947646917495785,1.1724214364100818
0.485426827170242,-0.06393413648384388
0.9663168737437111,1.556510514177143
-0.21299372333419786,0.9077842357919749
0.7182290315846203,1.4579901771305064
1.087462841250339,0.3114047360746735
0.0,2.014018659944345
1.4505797647413612,3.3780410328823955
3.0,2.7837260718127954
-0.20645087746742652,0.06678201654550708
-0.4150374992788439,0.43290571837538794
-0.07038932789139807,-0.44680354123989335
0.7776075786635528,1.2939386647333353
-0.5376567859427999,0.6644450847989603
1.1069152039165115,1.6701475606842635
1.6918777046376685,0.7163665981888134
-0.07400058144377741,-1.171947641560456
1.3598959450863832,1.306113190649968
1.6520766965796931,0.9235901381102511
0.44057259138598104,0.1532727531385416
5.129283016944967,3.189216540651448
1.5525410230287786,0.685801886833243
2.4232114307245443,1.7004453236172168
1.8073549220576042,1.1371189226292149
1.4947646917495776,0.29697430023226756
0.22948184612276723,0.21422020492686786
0.4150374992788448,0.7757678053265311
4.936637939002571,4.854271199445232
-2.057715497856287,-0.13668654506332856
0.6918777046376685,0.587634796698795
1.7127180479195294,1.2841944653708666
-1.8402195559632313,-0.362848879713141
-0.1154772174199361,-0.09922886316274004
0.728697978182606,1.3315079920946258
3.2882449686310733,2.7650158463488017
1.387023123109247,1.809988963127081
0.0,-0.14638456177468076
1.3692338096657197,1.2440045143442569
0.7842713089445628,0.790071730087715
2.1950159824051427,3.1527412688549648
-0.547487795302493,0.4234630167843796
0.6291623046316914,0.6616306303248415
-0.5145731728297585,-0.5339510240248475
0.5272470028648693,0.5951612550127963
1.1096244911744986,1.6120939398923837
0.4195388915137839,1.590073064466449
1.3692338096657197,1.1566494898737083
1.4947646917495776,0.6584543273710142
1.1805722456418204,0.6898167771984772
6.5016841056893675,4.473366882194573
0.6780719051126378,-0.009635343502154337
2.415037499278844,1.03054603860912
0.5405683813627027,1.02223321452854
2.678071905112638,1.9377518103697375
0.6623045892543207,0.5999232463702584
0.24511249783653177,0.25329206965601425
1.1420190048724281,1.6793656490723372
0.44057259138598104,0.8821883115962453
0.4651227307151524,1.6860579008708425
1.0443941193584534,0.4767933250408696
0.947532580105864,0.47342950448162124
-0.7004397181410917,0.40488500621378587
-0.13326653086346418,0.18472092061911227
-1.0000000000000004,-0.7749178671699077
1.087462841250339,1.693684337797338
0.3692338096657197,0.5300398335424648
-0.3219280948873626,-0.5569352381200185
0.9306607959260855,3.788392590149552
-0.24511249783653177,-0.2868720289172084
1.3410369178350656,3.5926645470312746
2.476438043942987,2.4029074078496793
0.45637829465974367,1.1727357477752696
3.2064508774674265,2.427715837384379
1.7655347463629765,1.002471002885008
1.3479233034203064,1.0841511369547838
1.0766212816029128,1.0268806096420555
0.8300749985576878,1.2949383922250186
0.061776197586690174,0.8576991108686807
0.12553088208385876,0.5945660911085473
1.0984037040609946,0.9750972020616308
-0.16992500144231215,0.048204005974913366
-0.5849625007211565,-0.9729024447374088
1.4947646917495776,0.9450412002283345
0.23446525363702353,1.6890906477604535
-0.7369655941662066,-0.8731436439444145
0.7369655941662066,0.4037583248332761
1.4069641987431627,1.660357717623842
0.8624964762500653,1.984546532692288
0.0,-0.11366564758545006
2.415037499278844,1.6700318569760322
0.9289169019385177,2.2697828599344785
0.6780719051126383,0.45414502134850304
0.8624964762500653,0.8188097563763523
-2.3471653863863855,-0.7510510379910479
0.7589919004962051,-0.06836813557103327
1.7190991733726917,1.867739152009698
0.6674246609131291,0.45224792975398287
0.6629650127224291,-0.059463554582736666
1.1805722456418204,1.288922319219572
1.7589919004962051,1.1516897293603814
1.1699250014423122,0.2717924359113708
-1.4208431209600496,-0.6454359911872198
1.2274104961030723,0.871706518475974
0.49749965947081787,0.20153411107984254
-0.19264507794239538,0.346995991117934
0.0,0.4412817982878596
-0.5145731728297585,-0.36440465091759733
0.9541963103868758,0.9161108818741682
0.73050334353651,1.126307198526446
-2.4208431209600496,-0.4321893987428705
0.12553088208385876,-0.8017408471132711
0.6291623046316914,1.1764199965038746
3.5849625007211565,2.1377409020926605
0.3923174227787607,0.38079911943144584
0.4329594072761056,-0.11187710062589432
0.9541963103868749,0.4016541183782878
0.6780719051126378,0.7293043543027855
0.0,-0.2660917515530459
1.4947646917495785,1.2584367062543174
0.6214883767462704,-0.3645173132361904
1.087462841250339,0.41543585422855583
3.0,2.572257185452628
0.5145731728297585,0.8371914139506581
0.485426827170242,-0.19232631395698163
2.292781749227846,1.7386690557800408
0.9652345818393231,0.40283830874725696
0.691877704637669,0.5867095702520031
0.7776075786635528,1.1121474200216204
0.13750352374993513,0.017376704477242322
0.15488560197817147,0.8741216699898441
1.6229303509201771,1.267010547648219
1.8073549220576046,1.565901407099103
1.3598959450863832,1.222696216474436
1.7232906572691302,2.1478337798151648
-3.1497816176464823,2.4533335843050286
0.400537929583729,0.1661141951279338
0.19264507794239583,0.018362091226611588
1.971985623830403,1.163297037637216
3.4474589769712214,2.3439252054347843
-0.4474589769712214,0.2385864604271899
5.614709844115208,6.496163695008436
4.936637939002571,4.940348948383431
-0.5267478867758602,0.3812632912496826
-1.506959988719883,-1.2726080825604564
-0.24227584566699711,1.655318456885364
2.0752881273042374,0.9503221794272546
-2.1413558492455413,-0.9069755358148291
1.0473057147783562,0.6652565634619988
0.22239242133644765,0.25378041408476726
-1.1069152039165115,-1.3026771952179654
2.8194277543581796,2.046569781690937
3.236339539168373,3.231708622714007
0.6214883767462704,0.354581130892328
0.0,0.42523153545121173
0.8744691179161412,0.8240251975665129
0.0,-0.28375749997498834
0.0,-0.3255635711842063
-0.12553088208385876,-0.24231518891775197
0.0,-0.6545715872812384
-1.0,-1.051450785786361
3.862273820945836,3.5284868588514247
0.6026645024546156,0.09845047244803715
-3.6304771599735246,-1.7951925495143932
1.6780719051126374,1.6327592562714937
6.5016841056893675,4.421300568790262
-0.3677317845004868,0.1614030174133686
2.415037499278844,1.140243878441939
-0.6438561897747244,-0.17251182205213222
0.0,-0.2642048108069259
3.4474589769712214,2.758818778859579
0.7884958948062879,-0.3619945773113052
0.4651227307151524,1.7115684823884183
0.15200309344505047,0.32601113140566557
5.151309323274965,3.388225274750208
-1.6844981742720706,-0.654646857456547
2.0752881273042374,1.0541000973041266
0.361336479445598,0.5284321146862974
-0.7004397181410917,-1.1869621724886288
0.9328858041414634,0.4564383030807454
1.2537565922457836,1.2816828661839492
-2.20013961448932,1.5051309937314297
5.714245517666123,5.892665289941396
1.2444187276664471,1.7521912440902652
-0.2115041051937121,-0.04003938718338884
0.9569312781081143,0.6563049456645227
1.6974372299795686,1.668314694531954
-0.24100809950379443,0.004751482503591467
0.0,0.6141222710904356
-1.887525270741588,-1.3776864477380952
0.061776197586690174,0.9374669075851151
-1.8073549220576042,-0.8290505894468062
0.6646513893503156,0.3351247935336956
-0.03394733192333721,0.5454419032567944
1.0297473433940523,1.4891190606062281
0.0,-0.4428589626610498
0.3870231231092469,1.153373822293318
0.7842713089445628,1.6069140949837384
-0.1375035237499347,-0.17519902086202266
0.8624964762500653,1.9282298419490693
-0.7369655941662066,-0.48727120651733247
0.0,-0.07003962136682618
-0.7104933828050148,-0.2676590161007091
2.0356239097307216,1.222687894167218
1.1805722456418204,1.365578490131888
0.0,0.5055334674107053
-1.624490864907794,-1.31726303938933
0.6674246609131291,0.31610676708515384
2.155278225477911,1.854070351107375
1.4947646917495785,1.115518854556809
0.0,0.23489986093253162
0.13750352374993557,0.3686956668616173
0.0,0.4873881202800819
0.6322682154995123,0.12286272307521043
1.8639384504239715,1.2313255678175448
-1.0324214776923775,-0.3230960621260132
1.0671141958585366,1.4100728879493
0.9951506003386053,1.704031024483887
0.11103131238874386,0.07541582067347796
1.3692338096657197,1.3245635856829467
5.351675438281415,5.271759692476369
0.0,-0.2624351920971666
1.2537565922457827,0.9196281957144574
-3.1565044856799904,0.660096625361856
-1.1636660109706298,-0.02766252467988869
0.0,0.12264733573334585
1.2537565922457827,0.7691671616943448
0.4768136968655341,-0.32533059076775145
0.0,-0.5553560305122717
1.1069152039165115,0.3960993294194481
4.764286200165719,3.7861547869523378
1.6280312226130418,1.6924728853407498
0.6214883767462704,-0.40814513228504445
-0.6100534816839867,0.1932050215956389
2.0752881273042374,1.3616701875708168
-0.20645087746742652,-0.07027519755905853
-0.8259706002249514,-0.9348532937997499
-0.3410369178350665,-0.42930313680600285
1.7655347463629765,0.5573588938863133
0.6374299206152916,0.8699527789448185
0.8845227825800648,0.7206247355607849
1.0740005814437774,1.673944191857998
-0.18442457113742705,0.7611559239735441
-0.7725895038969277,1.3605940152237015
0.0,0.4140568548501657
0.8650704199138914,0.5841660925149149
3.9835118772114306,3.677849323153465
-0.04182017569462726,0.3030276192302207
0.24100809950379487,-0.24692145137254784
3.4474589769712214,2.5906125930907757
0.056583528366367375,0.22641319227930512
1.9360369412680347,2.6829337363030006
-0.8073549220576046,-1.2231454581668122
0.400537929583729,0.07660654664482404
1.087462841250339,0.666066480740112
1.4947646917495776,0.6680296540647771
1.0911478880581953,0.6624323319840968
0.33703498727757175,0.6812940838573649
0.4947646917495776,0.3027506184027143
5.614709844115208,6.562202613016747
0.5431423250265288,0.6812523235380309
1.1699250014423122,0.6436128071136771
1.7520724865564148,2.221751893669685
0.5849625007211561,-0.23826120313424837
0.07800251200127306,-1.0612835193391723
1.7127180479195294,1.1690920918575902
-2.1413558492455413,-1.1129461912940561
0.3719687773869582,-0.03339990033685181
1.7224660244710912,0.19305754748275938
0.4947646917495776,0.10505806047521739
0.0,-0.4767141108335248
-0.44057259138598104,-0.8275926590073739
-0.6918777046376685,0.24986006793310778
1.1069152039165115,1.1138659159188768
2.1950159824051427,3.020496720436531
0.23132554610645517,0.4641566363641121
3.966391607357181,1.3076731352384394
1.3692338096657188,0.9009776383334382
0.0931094043914813,-0.5837108813015136
2.1658088929700803,2.5851739931556232
-0.12553088208385876,-0.14841916174796332
1.3219280948873626,1.9326426983944291
1.0761716804854045,2.652020523315124
-3.6304771599735246,-1.8129568690651041
0.8667334691365358,0.6404830285042947
1.1420190048724281,1.6680635355648326
5.151309323274965,3.256031066622744
1.1069152039165115,1.4927653338178049
3.5849625007211565,1.4516133278470993
0.0,0.6236773950713259
-0.3219280948873626,-0.760027441887379
0.5618788876081151,0.10743102821642295
1.415037499278844,1.3949786882744322
0.3048545815284216,0.13703419595902006
0.3410369178350665,0.4289582465006999
-0.9278502142441649,0.4803229079897995
-0.17508670655809144,0.38839915231711236
0.6214883767462704,0.8414763340708771
1.0000000000000009,1.1099457951288878
1.2344652536370235,0.8614802845062947
3.5849625007211565,2.606951987497218
1.3275746580285048,1.4263819117156946
0.7589919004962051,0.39818448265772943
1.0984037040609946,0.9706799429007822
0.1740293997750486,1.1616975051197427
-0.5849625007211565,-1.1159675289341662
1.9142701259741162,1.4043124906490294
2.350497247084133,1.7016386281140532
0.9284467389749667,0.4689603804893055
-0.3219280948873626,0.15502659347088532
1.549338590990435,1.8386195102588845
2.659730269123129,2.525855507012242
1.8744691179161412,1.8355254062476236
2.0356239097307216,1.4214788830030727
-2.3471653863863855,-0.786802720488211
0.34792330342030686,0.4482113756518602
-0.2801079191927349,-0.4815561383559849
-1.624490864907794,-1.3381410392135997
1.3692338096657188,1.249162898450345
1.7655347463629765,1.6844331563027701
0.5849625007211565,-0.23128401409615537
0.0874628412503391,-0.048068995592544274
-0.9634741239748861,0.7749178309247251
1.0671141958585366,1.5049142194672525
-1.4551946257508268,-0.23886291623757452
0.4150374992788439,0.17133563380928954
1.054447784022376,0.5243768171130275
0.0,0.342070050091015
0.24100809950379487,0.3221981982000959
1.4329594072761065,2.5249502175515666
0.5405683813627027,0.5774609446131392
-1.450825828069621,-0.59772104422198
0.2479275134435852,0.08902051128381205
-0.14438990933517548,0.19195783712327996
1.6322682154995127,1.8085977099659234
0.0,0.5741373188943841
-1.0641303374197157,-1.0047440196715505
4.764286200165719,3.8623577707843015
-0.08488889758651297,0.10101073923147932
-0.6100534816839867,0.28269423137782845
1.0747677684019727,1.407949001056627
1.485426827170242,0.9214452168491258
-0.04439411935845339,-0.1133701308313613
-0.20163386116965043,-0.6406972076691794
1.352301743930881,1.352574636327046
1.054447784022376,1.0212385221714257
1.472852134399619,2.485247968201345
0.900464326449085,-0.3484922968739221
1.7232906572691302,2.0340655554493967
0.0,0.2324609136624319
3.0,1.4099648010895556
0.0931094043914813,-0.9477821755163788
0.485426827170242,-0.8182430740827411
0.6214883767462704,0.7976282262214236
-1.9751966089994273,0.16642161717711304
3.4474589769712214,2.4525104318446713
1.0911478880581953,0.7072171301166867
0.23446525363702353,0.5874076300359687
0.21008552588483376,0.5225163544445196
0.0,1.544375083186325
0.8845227825800648,0.8988092040504425
0.3131578852596304,0.13737530326343986
1.8073549220576042,2.3114941258945474
-0.4854268271702411,-0.767862576590222
1.0473057147783562,0.5230864093193415
0.3719687773869582,-0.07518539391361599
0.0524674198941355,1.1913080608279238
-1.5052353082504215,-0.11786454711447131
1.0473057147783562,1.375834000554879
0.26303440583379434,0.10044782916719551
1.3692338096657197,1.4431588524434473
0.8744691179161412,0.5435571695024006
6.199672344836365,6.592418064121864
0.1547225947986428,0.37521846737901543
1.1096244911744986,1.539389054164043
0.6026645024546156,0.046343258716805336
2.4232114307245443,1.6516540882311233
-0.3677317845004868,0.2657002982041503
1.450661409009565,0.7371743341613058
0.5405683813627027,1.12408713138135
1.0703893278913985,1.685789972888605
0.24511249783653177,0.10385523818313419
0.5405683813627027,0.11512260882979175
-0.6248552278446695,0.07574849662784167
-0.3219280948873626,-0.05564555367359669
1.9601072728764866,1.442405820042926
-0.5849625007211561,-1.1850985166358055
0.12553088208385876,-0.42455033289485256
4.214319120800766,2.6895177666566967
2.061400544664143,1.6718734081159652
0.3048545815284216,0.0021925825160960394
-0.45720695352278273,-0.0398329464299441
0.20645087746742652,-0.09408201288877235
-0.26303440583379345,-0.24352054696342784
0.10691520391651199,-0.6639151100985663
3.2064508774674265,2.3679291626208556
1.6322682154995127,2.012463624539449
1.5126482959052652,1.584223606658758
1.6229303509201771,1.5436351486800908
-0.16992500144231215,0.10476564421737367
0.0,-0.5861102617937933
1.765534746362977,0.7741381694662943
-0.28950661719498516,0.4404978358999123
1.8345763907926278,1.6112117197291735
1.2223924213364477,1.5153105852376005
1.3667823306716231,1.9155571609232735
0.0,2.017208529338958
-0.3219280948873626,0.6400064671284241
2.4069641987431627,2.2124668460792476
0.6780719051126383,1.0694747889069296
-0.19264507794239583,-0.02551274382025137
0.0,-1.0578345854884328
-0.2801079191927349,-0.5422690993370904
1.415037499278844,1.1151691283746865
0.6674246609131291,0.3846088981868555
0.6629650127224291,0.05895211464723871
0.0473057147783571,0.6161736822347281
3.1813297647145613,2.305982057840831
0.8073549220576046,1.2408945100547077
0.49749965947081787,0.11380143400540055
0.19264507794239627,-0.7580963583550172
2.0,0.22236730496551615
1.054447784022376,-0.5762027737378028
-0.2995602818589078,-1.0615646043542104
-1.0324214776923775,-0.15478247250414087
-0.5849625007211565,-1.3076397331571161
-0.5820799921880342,-0.5305701916502079
1.549338590990435,1.3644691965070541
0.547487795302493,1.1528941713351406
-1.4551946257508268,-0.17943423631019892
0.7964666059148682,0.3734382632641993
0.0,-0.2241860502929273
0.4329594072761056,-0.21394246120467122
-1.9751966089994273,0.1475650364747117
0.0,1.5303539657182363
1.2537565922457827,0.9713720242992245
1.0931094043914813,1.4860739686285411
0.12553088208385876,-1.1981080913625022
0.5972408304995929,0.9156998762499398
0.24100809950379487,0.30946653138787106
0.5272470028648693,0.7988979022393201
0.6280312226130418,0.933517608877351
-0.3219280948873626,-0.004735098852380437
0.0,0.31272924795491736
2.0297473433940523,1.4412728349859114
1.3692338096657188,0.34620805195498594
1.2976805486406855,1.354213278055394
-0.1154772174199361,-0.0541021505483219
0.1671099858352587,0.7690656666192452
3.0995356735509145,2.0270025240414795
0.0,1.5158223582668877
-0.497499659470817,0.3581700703107989
0.5849625007211565,-0.203907736204602
0.24100809950379487,-0.5845421424053776
0.0,2.425676289371065
6.06216882108643,6.215438196048963
0.7062687969432897,0.5224041517865037
-1.227535724612408,0.36876043470772113
-0.8073549220576046,-1.2679830416509734
0.3014297845708045,1.0061545195045825
1.087462841250339,0.6327823508488408
1.3667823306716231,1.824556356449793
0.485426827170242,-0.30346922738973525
1.4854268271702415,1.0646619176090526
-0.6248552278446695,0.030688966238401155
0.33703498727757175,0.5621134205389555
0.0,-0.1939152247278214
0.3131578852596304,0.23342888743869394
0.24100809950379487,0.23505257011934955
0.5360529002402101,0.8805339554924292
1.0159415438690216,1.132118054594912
2.292781749227846,1.8474435860385607
0.6291623046316914,0.45411742235648833
1.971985623830403,2.221566994600829
-0.6629650127224291,-0.09453855803289413
0.6026645024546156,0.49234022654400844
0.7842713089445628,0.8305979422626133
1.1069152039165115,1.4328345890368674
3.236339539168373,3.3232910544069667
1.6280312226130418,1.3114461499273098
-0.6374299206152925,-0.21410587171303833
0.7136958148433594,0.9865249090473456
-0.32681031626710855,0.3186072266324615
0.0,-0.08292422134352462
-0.5405683813627027,-0.5335513810938681
-3.6304771599735246,-1.8722723342123848
0.728697978182606,1.3251431174684418
-0.12553088208385876,0.10665066140593082
1.1699250014423122,0.5649295470081019
0.10691520391651199,-0.6716418988175502
-0.3219280948873626,-0.1612515125647287
0.4150374992788439,0.268007241384687
1.3692338096657188,0.6477458391861506
4.214319120800766,2.548833137159402
0.6780719051126383,0.9248971254216956
2.5226437243250137,3.327155000963755
0.0,-0.7363579774877105
0.9306607959260855,3.7952279392473494
1.3692338096657188,0.04961154210742118
0.4150374992788439,0.3498085524505987
1.3410369178350656,3.650520989581337
1.4854268271702415,1.1958288546400682
-3.716207033999409,-1.6670236298181975
0.900464326449085,0.12944319722336461
0.0,0.4764989192892007
3.9835118772114306,3.1441039413827854
1.3692338096657188,1.0018732748305688
0.9541963103868749,0.7524463587140273
-0.5360529002402092,0.11309930049881534
1.0984037040609946,0.9614956788152916
1.0000000000000009,0.8467455418731096
0.5849625007211565,0.4999615856240057
-0.10691520391651199,-1.0741626566711455
0.0,2.0410152164460347
2.0752881273042374,1.1881992418851408
1.1255308820838597,0.7898570990033994
0.8639384504239711,1.1283905778195071
3.0,3.178719106808651
2.3074285251922477,2.592881582667767
1.549338590990435,2.171679055283801
-0.16992500144231215,-0.908714267544488
0.8073549220576046,0.7681774877037512
-0.07038932789139807,2.247893247810744
1.1805722456418204,1.5721507731882474
0.4854268271702411,0.04073323184504268
-0.2801079191927349,-0.49163921024170276
0.3410369178350665,0.7901104664524004
1.3692338096657188,1.2616144949590553
0.6780719051126378,0.25790723326316156
0.485426827170242,0.2321471781241915
0.7484612330040363,0.6124460456523714
2.596367263993405,1.666735064720505
2.8073549220576046,2.4814859593069203
0.485426827170242,-1.1740324276988567
0.8744691179161412,1.2712166722438434
0.2995602818589078,0.6139200490843509
1.087462841250339,1.3534338471243093
0.7884958948062879,0.8995124861022188
0.3923174227787607,0.520901214051434
0.6780719051126378,0.7368642928684652
-0.25153876699596367,0.18369783240680318
0.09019780897157847,0.35690297011694827
0.5208321633014403,0.13075620391415432
-3.1565044856799904,0.588860278640553
2.1935375586642634,3.3962673496717715
0.4768136968655341,-0.1264090106878828
0.12553088208385876,-1.00396303530664
-0.19264507794239583,-1.7366772967382953
1.6559290220752994,2.3228605187295757
-0.5052353082504224,-0.06489339221780036
-0.3219280948873626,0.04637517534823421
4.643856189774725,3.387557488232508
0.925999418556223,1.0320002234994925
0.0,0.24240862111116046
-0.07400058144377741,-0.2941163810013528
-2.0443941193584534,-1.8429630053975739
0.485426827170242,-0.2746460801991335
0.33703498727757175,0.6862025720717133
0.900464326449085,0.9998528684722552
1.6280312226130418,1.4970133345186345
-0.5360529002402092,-0.16248703671550357
1.7232906572691302,1.8976900251594788
-1.887525270741588,-1.4735346969604923
0.5405683813627027,0.7715759117354042
0.400537929583729,0.1380227754888108
0.5525410230287786,0.7714323919691534
-0.6166713604484944,-0.36285281088195026
-0.12553088208385876,-0.08103858316483613
3.764286200165719,3.3351132566747363
1.4594316186372973,0.8370468420437209
-0.1397247636666128,0.8289732536876407
0.34792330342030686,-0.6481082945724972
0.21008552588483376,0.45391475953048377
0.4947646917495776,0.4140636673875033
0.4150374992788448,0.8781093009438288
-0.13750352374993513,-0.5269800115029148
0.0,-0.3441110799244348
1.0752881273042378,1.091794221885029
2.292781749227846,1.8813299297966517
-0.8073549220576046,-0.8817728407298184
-1.5052353082504215,0.03059982661491092
0.4947646917495776,0.05332650039586809
-0.10691520391651199,-0.09472658444642035
1.3692338096657197,1.401169683881974
1.6280312226130418,1.3032520803521106
0.947532580105864,0.44520514231617137
1.432959407276106,-0.5412938584333615
0.8744691179161412,0.8599103482629842
1.1375035237499347,1.0988321522789721
0.0,-0.8473986938726547
0.0931094043914813,-0.36066869252542055
6.742692205193163,4.567814083138051
1.054447784022376,0.6106974342826282
0.0,-0.7090478154591264
0.0,-0.134323633757787
3.862273820945836,3.3598165092909458
-1.263034405833794,-1.4257855438168567
2.350497247084133,1.0473193027700543
0.6951454184715784,0.9006326414976262
0.12553088208385876,0.2719010716662663
0.728697978182606,1.3038400701672859
-0.6214883767462704,-1.17377099364284
-0.12553088208385876,0.17415735395873644
1.765534746362977,1.4358592415215998
0.0,0.0798012190927922
0.903784684740697,2.197011286690191
1.6322682154995127,2.0927181155568966
1.4854268271702415,1.2075923942614621
-0.09019780897157847,0.3150598095014775
0.561557896386212,0.2504986627031105
0.361336479445598,0.4845189369359849
-0.13326653086346418,0.36280896264511325
1.912537158749661,1.1801663472058657
1.5525410230287786,1.087480886185616
1.2106019777547647,3.754413894407105
0.7655347463629769,0.048809310201298306
3.5405683813627027,2.2497841232433413
-1.1699250014423122,-0.2333985462427548
-0.025686643663648923,0.3583678951339393
-0.6280312226130418,-0.985841403974943
0.06711419585853662,0.5483672176519758
1.3575520046180838,1.1455753505557564
1.3692338096657188,0.5640130028022471
0.7218981460772644,1.2213604127403206
0.2837929660005907,0.2935622303426888
1.7655347463629765,1.1023462359703493
2.0,1.2117426875312365
0.3719687773869582,0.7582572662018687
1.3275746580285048,1.134240696738568
-0.6629650127224291,-1.153107379246629
0.8073549220576046,0.21958617995115715
-0.3219280948873626,-0.32151741958101676
2.5800720043740837,3.8865566672026977
0.1740293997750486,1.1139556424098442
2.2976805486406855,2.815308244645275
-0.5849625007211565,-1.0243188416283773
1.2223924213364477,1.3049369607646721
1.1822033312207498,1.3548666732558128
3.355480654598389,2.1759727832223383
0.0,-0.6481642956624263
-0.3219280948873626,0.12260463111100794
4.998038483666714,5.955368966369106
-1.3575520046180838,-0.27883721015671803
-0.3312059084753738,0.007611926665639562
1.0159415438690216,1.237491210860304
0.29956028185890826,0.8614627523611206
-0.24100809950379487,0.16916775269715378
3.5849625007211565,2.351104066108187
4.851749041416058,3.3237619905813807
2.8194277543581796,1.9395482703151168
1.3692338096657188,2.306006397113336
1.7190991733726917,1.764022843960321
0.6918777046376685,-0.0953871193853367
1.549338590990435,1.2937432937495068
0.14684138832927118,0.7187751833058765
0.0,0.1207492021016224
-0.19264507794239538,0.4132704494996763
-4.105534414172357,-1.6345281542723815
1.8639384504239715,1.2254070015398255
-0.2995602818589078,-0.8141426670096751
-1.8531586116707288,-0.5477716503460834
-0.768184324776926,-0.2473633062691393
2.212993723334198,1.9749673460057109
0.2995602818589078,0.6043534588437651
-0.21299372333419786,0.919806121599007
0.12553088208385876,-0.8804355557809598
1.3479233034203064,0.7081629578572206
0.7964666059148682,0.412992414682874
-1.4947646917495776,-1.3172384821698626
1.9757524537533229,0.5269848432706579
1.3692338096657197,1.409978324591916
0.6780719051126378,0.6505282272465269
-0.6605135337283334,0.2879514438785983
-3.1565044856799904,0.6680633089315907
2.1935375586642634,3.6091316708210535
1.0,0.8669640362543445
-1.1053530001462288,0.8562667939523466
1.6322682154995127,1.7084493038121558
0.9663168737437111,1.4208366554098053
0.0874628412503391,-0.1143907341737431
-1.0506260730699677,-0.07685805031046433
0.7589919004962051,-0.10520276063585018
0.44057259138598104,0.809698233834474
0.5272470028648693,0.7767224630251925
0.6280312226130418,0.8589344629860888
1.0747677684019727,1.3254359467319043
0.4150374992788439,0.6689067070885586
1.1069152039165115,1.5395770379860845
-0.7725895038969268,-0.3241511132728732
4.866248611111173,3.52169771773458
1.7224660244710912,1.0492526740728003
0.8650704199138914,0.6258803642368687
5.529820946528696,3.7373589966993475
0.0,1.0621037634404902
1.6322682154995127,1.0710023794812162
-0.20163386116965043,-0.26451423371065885
3.4474589769712214,2.6482693513407964
-1.3698380798487477,1.8554255021229367
1.1699250014423122,0.6084995158343534
-0.24227584566699711,1.5187428967482055
0.0,-0.47172283358395983
-0.04890960048094595,-1.1450594633098565
1.7328079686925504,2.560352882048979
-1.5052353082504215,0.21760127086478143
1.1375035237499351,-0.16471660090520968
0.0,0.40205165461482584
0.7533600324168752,0.21907055865243086
0.09953567355091453,0.024002105085808967
2.3985493764902746,2.018930897534531
0.0,-0.3152293125315986
1.0766212816029128,1.6608123827391874
1.0,0.4098025389912262
0.0,-0.17399823048162927
0.7062687969432897,0.09597746325680356
1.4461347960238404,1.1821406641377372
1.3320760502634448,1.4721711693226023
1.450661409009565,0.759047236095181
0.485426827170242,-0.05310800536504012
-0.5849625007211565,-0.6238315024814811
0.6023445789493929,0.8916769402500849
0.8479969065549495,0.19078585346367638
3.966391607357181,2.5298130685356433
1.9601072728764866,1.3068115057309397
-0.5849625007211561,-1.1750783428285654
1.5525410230287786,1.2048472349022987
1.280107919192735,1.2309703316653147
-0.34792330342030686,-0.7810967349409583
1.2537565922457827,0.8077146080618364
0.0,-0.8821970210170541
0.0,-0.0593085637456682
-1.8981203859807865,-1.1609992643081304
-0.02046410255971587,1.2108286221115612
-1.912537158749661,-0.7706103394700269
0.0,0.4632020813408314
3.9835118772114306,3.1061215430000537
-0.6280312226130418,-0.12271008425193462
-0.485426827170242,-1.4301795332747347
0.3719687773869582,0.6212162236683048
1.3275746580285048,1.2409210342259023
3.6293566200796104,1.818400881586185
0.8073549220576046,0.24447571563103332
0.6646513893503156,0.22433675370125097
0.1740293997750486,1.1164035174696147
0.6780719051126378,1.5168593084088096
0.23446525363702353,0.6649346968155678
-0.5849625007211565,-1.0960731262494152
1.1822033312207498,1.3189362528238036
-0.055141554192460696,0.29417645742427856
0.0,-0.8239951417053427
3.355480654598389,2.02929700715809
0.7369655941662066,0.373813778080034
1.1255308820838597,0.9104884312011792
0.561557896386212,0.3932530539620531
1.4069641987431627,1.6254150014657314
4.998038483666714,5.98569367748729
0.5405683813627027,0.21036065954114638
1.6918777046376685,0.6962270082701791
-0.7369655941662066,-0.5578235046974462
-3.8994731240460356,-1.6577067898073827
1.5405683813627027,1.700400795508864
0.9289169019385177,2.058861856978515
1.7589919004962051,1.3783521691464193
0.6780719051126383,0.36876158325517083
1.6280312226130418,1.6236586414200085
1.7190991733726917,1.645676103566723
0.6918777046376685,-0.03068823699598553
1.9757524537533229,-0.10534841014358033
0.5618788876081142,-0.164866122108126
1.7589919004962051,1.1910573790620027
0.6322682154995132,1.1111411767862531
0.8073549220576046,1.4285991737646095
1.971985623830403,1.8038941277794607
0.0,0.19866947697088982
4.750771393691236,2.4704480037718812
-0.023586820317616386,0.070718149701022
0.28010791919273537,0.542653841859461
2.0976107966264217,1.385917270989722
0.12553088208385876,-0.9186378180561913
0.13750352374993557,0.3854845125891751
0.7964666059148682,0.4285903594699412
-0.15241523315386374,1.3832230497029132
0.613645255425241,1.8919536071373768
0.6780719051126378,0.7779036843960081
-0.25153876699596367,0.2935503570130537
0.3048545815284216,1.2239122162825393
-1.1636660109706298,0.15305487444637442
5.228818690495881,3.536522765682907
0.6520766965796931,0.42492821244601137
0.0931094043914813,-0.434904336538069
0.12553088208385876,-1.1170480874177073
0.4768136968655341,-0.24994544155139914
0.0,-0.7448281732911689
0.9663168737437111,1.625353343019787
0.8667334691365358,1.0454931221888204
0.0,2.266638688388151
-0.3219280948873626,0.0031539259734967295
1.0747677684019727,1.468237361670185
0.07800251200127306,-0.28273258011326297
-0.4150374992788439,0.2565393424895851
0.1154772174199361,-0.21636357990365185
-0.10893437155316477,0.6286368016108905
3.7425037777076358,3.5650692733922402
0.13750352374993513,-0.05158399429334384
2.635588573791124,2.6982995393999913
1.2334901302197778,2.787338132237993
2.752072486556415,1.540639889846194
0.42968427524324504,2.7439973543377314
-0.5360529002402092,-0.1795942390533637
-1.7589919004962051,-0.4553407193999084
0.7062687969432897,0.4060466076622786
-0.9328858041414634,-0.4914292559599525
0.24100809950379487,-0.38013813325226087
1.3410369178350656,3.2862881412808282
-0.3219280948873626,-0.45809027602037855
-0.1979393776119096,-0.13821498839188445
0.5525410230287786,0.7668888963872076
1.0159415438690216,1.2139288450393297
-0.6100534816839867,0.27660597990153946
0.4854268271702411,1.0219180495576814
0.485426827170242,-0.26327936720683387
-0.3818706353436445,0.5565730785908237
6.880195728943098,4.248887218917531
-0.7104933828050148,-0.9836279866500474
5.129283016944967,2.789718471641997
-0.04890960048094595,-0.9868109829739211
1.0473057147783562,1.373588878859506
1.387023123109247,1.6404600328358345
-0.10691520391651199,-0.05566522472881519
1.3692338096657197,1.2683774355557471
0.6214883767462704,1.111524259669637
1.2630344058337948,1.262802329752686
1.3575520046180838,2.0513383933090195
1.4947646917495776,1.0616845835558177
-0.5405683813627027,-0.5230804446142346
0.0,-0.3392032390145057
0.5405683813627027,0.6814956522111
2.4232114307245443,1.705611360478434
0.728697978182606,1.2110243688082174
1.765534746362977,1.438480804179659
2.678071905112638,2.2053394076519433
0.903784684740697,2.5410632365933448
0.24511249783653177,0.1772120006363428
3.4474589769712214,2.743955638106231
-1.432959407276106,-0.9720075698886705
0.24100809950379487,-0.21267883333040194
-0.7224660244710908,-0.15812405094841747
1.8073549220576046,1.6908395492661001
1.5525410230287786,1.141871589484405
0.25929200414797826,3.0127533408717464
-1.0,-0.5561846340413058
-1.1069152039165115,-0.9416166871495093
1.0911478880581953,1.214588440263232
0.7198920808072646,0.45230775670320633
-0.8624964762500653,-0.3799019711949858
1.0000000000000004,0.9482942378231288
5.714245517666123,5.880714927021571
-0.17508670655809144,0.45224008115372344
-0.11547721741993477,0.4573479071324199
0.8339900485610707,1.3091291294208856
-0.02046410255971587,1.0932370064574803
0.900464326449085,0.18633957850982197
-0.2115041051937121,-0.02297167902192676
1.2344652536370235,0.846178093462819
1.2931963763440457,2.6883178394223686
0.2837929660005907,0.35934156570108855
0.0,0.3391248997631242
0.10187961401921353,0.3641404483301579
0.0,0.6487165788996626
0.3870231231092469,-0.22470370077148288
-0.6629650127224291,-1.120699506329275
4.266786540694902,3.684405067096164
-0.8556100906648245,-0.9451329679184395
0.7589919004962051,0.3424248140947317
0.6646513893503156,0.278145776857755
-0.7045441164738291,0.11465613872566299
1.0297473433940523,1.5415453716186365
0.7520724865564148,0.43109073490164806
1.9142701259741162,1.462867031298499
-0.7369655941662066,-0.8081291520606432
6.742692205193163,3.970071564278987
3.355480654598389,2.5368590646142883
4.998038483666714,5.950553359977339
2.3074285251922477,2.577902616587991
0.9541963103868749,0.6812606347178841
-0.599462070416271,-0.07289433496196915
0.29956028185890826,0.8968685015801919
1.6229303509201771,1.2813114532045602
1.3136604789037616,2.8076635447480873
1.054447784022376,0.27799998752138644
2.9360369412680347,2.572124752273749
-1.3112016882943038,-0.08841777193659726
0.2223924213364481,-0.3140808543266682
0.6918777046376685,0.008832959357699274
0.4995710094905119,0.7142196915172638
0.5618788876081142,-0.38697029411728057
0.3410369178350665,0.7703449818554771
-1.4208431209600496,-0.7208566168543771
0.14684138832927118,0.7326101712820299
4.643856189774725,3.451027205977635
0.6322682154995123,0.2012671324904212
0.0,0.1751855415773864
0.9541963103868758,0.8396006099448807
0.2995602818589078,0.5109375957034361
0.12553088208385876,-0.6092065689182943
1.0671141958585366,1.3861934165003333
1.6780719051126378,1.0196223653022969
0.8845227825800648,0.5700092939266636
0.11103131238874386,0.09010925040207696
-0.9278502142441649,0.5202189371321688
0.44057259138598104,-0.2754689035989025
0.9284467389749667,0.7753597988789132
-0.9068905956085187,0.03657080827522571
0.6780719051126378,0.36990056799897886
0.0,-0.3298675274411193
0.9663168737437111,1.4012706487881643
-0.21299372333419786,0.8618106506340468
1.6280312226130418,1.6506246487935654
-0.14438990933517548,0.44931226604619234
0.6229303509201767,0.6214419313969257
-0.20645087746742652,0.165381190108134
-0.07038932789139807,-0.4452516014338601
0.4150374992788439,0.3984058702278235
0.485426827170242,-0.21200509760254915
2.292781749227846,2.0138294523924407
2.596367263993405,1.6136882621721904
0.691877704637669,0.5283854802969249
1.054447784022376,1.029772045474339
0.34792330342030686,-0.6241782688187332
1.6229303509201771,1.1777795381642038
0.23446525363702353,0.13512036268849592
0.07800251200127306,0.18664439818946055
0.24100809950379487,-0.4969524586109817
0.0,0.30576919332468266
0.5849625007211561,0.40280540651336677
0.19264507794239583,-0.04248927876215536
0.0,-0.8824490769070705
3.4474589769712214,2.5049895664326307
-1.0242475462466771,0.14883780596953672
0.4854268271702411,1.0835269121132707
-0.1397247636666128,0.7827636125549491
0.23446525363702353,0.5455623678487775
0.0,1.4194897407826184
-0.24227584566699711,1.7648440782448793
1.1255308820838597,0.4187695722404435
1.8073549220576042,2.1088171466280126
-0.8073549220576046,-0.8862877563477628
-0.6629650127224291,-0.0747653387750602
0.7369655941662066,0.3777854573397561
1.4195388915137839,1.5186632655661063
0.7533600324168752,0.7018456228928182
-1.7041342016988343,0.24210324964836807
0.0,0.38875083625513085
-0.6374299206152925,0.21698840689652435
0.7136958148433594,1.0949020017401674
0.2479275134435852,0.22904192380794997
3.5849625007211565,2.600947270902775
-3.6304771599735246,-1.481656145745847
0.6951454184715784,0.848245943535201
0.8667334691365358,0.5503235439656311
1.7328079686925504,2.6105376968831524
0.903784684740697,2.301904772483263
0.5405683813627027,0.042412262871157624
2.299560281858908,1.9444425652388664
1.7951802081115025,1.3931580112052584
1.1420190048724281,1.7288523126294588
1.4854268271702415,1.2271666490695348
-0.7776075786635519,-0.7678180057749973
0.0,-0.9629693529909394
3.4474589769712214,2.643344796521265
1.2537565922457827,1.0124190296665556
-5.314314910777487,-1.457141203924805
0.3048545815284216,0.09661125852268491
-2.20013961448932,1.7099007671353879
-0.17508670655809144,0.46158702930378065
-0.45720695352278273,0.11371785138388861
-0.6248552278446695,0.06541158760604004
0.0,0.5380030388804151
0.9759143814756879,0.8036966969304493
0.2223924213364481,-0.5145824713687979
1.6229303509201771,1.4544221039363703
0.8073549220576046,0.4273224699640419
1.0984037040609946,0.8656901725961521
0.6646513893503156,0.3286971387218972
1.0000000000000009,0.8806908155392554
1.1822033312207498,1.2732227823723017
6.199672344836365,5.422599196694216
2.350497247084133,1.7824967682811867
0.3870231231092469,0.8609634768442577
2.0443941193584543,2.5115445230198805
1.214124805352848,1.253522369350337
0.5972408304995929,0.8765829776315528
1.4069641987431627,1.6357963248664444
-0.3219280948873626,-0.011747400268503294
1.8345763907926278,0.5966271037946698
0.5405683813627027,0.07495987948833556
5.266786540694902,2.8948822152877356
2.2630344058337934,1.6068110916668736
-1.2439255828860896,-0.6918315899818016
-3.8994731240460356,-1.236948554651557
-0.7104933828050148,-0.1792513049829173
0.0,-0.5672819573715764
1.1468413883292707,1.3361482664658313
0.24100809950379487,-0.7482220466083966
-2.459431618637297,-1.2214925887856456
0.6780719051126383,0.358375703920274
4.851749041416058,3.3960838512916136
0.8624964762500653,0.822338213483298
0.925999418556223,-0.02015449330155339
0.2223924213364481,-0.3164752925076795
2.155278225477911,1.9063633505225432
1.0931094043914813,1.2781589066549144
1.7589919004962051,1.1773717520327576
0.0473057147783571,0.6283759000338742
0.6780719051126378,0.2981397557344949
0.0,0.140088167089801
-4.105534414172357,-1.9499654606948325
-0.5820799921880342,-0.6078633456430567
0.3219280948873626,0.12212608218192013
0.6291623046316914,1.104816486578433
1.054447784022376,0.4976932642079479
3.6667565918848033,1.5699091296943024
-0.8231222379159209,-0.9474518917126045
0.0,1.3882928778341668
-0.2115041051937121,-0.7176436300641644
0.24100809950379487,0.5297969965410297
-0.9068905956085187,0.06802593759473789
0.2995602818589078,-0.5728904197772514
-0.34792330342030686,-1.1849193049464466
-1.1502426355806126,-0.5911628081490174
0.19930880822340669,0.3077398239450744
0.47643804394298694,0.5192361695083527
0.0,-0.5244680217051142
0.36257007938470753,0.1676177888649645
-0.21299372333419786,0.8125466839082295
0.8667334691365358,1.0140277584002848
1.6280312226130418,1.663838336660298
1.6559290220752994,1.8047153824120945
2.0752881273042374,1.3669006614513401
1.0000000000000004,0.03161842138514798
0.0,0.2039823397566578
2.152275274379898,3.3011019987307995
0.8845227825800648,0.6987015816312818
3.4069641987431627,2.1483632678625244
1.4854268271702415,1.6385373048822582
-0.8981203859807865,-0.4541467284172025
0.900464326449085,1.0724790310125571
0.19930880822340669,0.48874225478305594
1.3598959450863832,1.131607822709252
0.5849625007211561,0.3925329059997665
0.7062687969432897,0.1883146905179074
-0.497499659470817,0.3990359930961658
0.24100809950379487,-0.40621300716924547
5.129283016944967,3.131811527035034
6.06216882108643,6.255784891044973
2.4232114307245443,1.6833182346835973
-1.7776075786635523,-0.6938068391042009
-0.8073549220576046,-1.264498922746494
0.400537929583729,0.11908540533039451
-0.938599455335857,-0.808871754444764
1.1805722456418204,0.7372416948100966
2.7369655941662066,2.3052764857534043
-1.3698380798487477,1.7674062902851353
-2.1413558492455413,-0.934621383575171
1.0473057147783562,0.6160519040767036
-0.04890960048094595,-1.0535888820541754
-0.8073549220576046,-0.8790870349506501
0.6918777046376685,-0.010516688497441409
5.228818690495881,2.6815861597095942
4.743391863325639,2.4201644772215776
2.8194277543581796,2.140479056048202
1.6322682154995127,1.4248027578070186
0.0931094043914813,0.8959032495073584
6.199672344836365,6.504522549103255
3.966391607357181,1.2919583148465996
-0.8744691179161412,-1.1538943175937737
-0.32681031626710855,0.2701942984391904
2.1658088929700803,2.3009659178328947
1.2223924213364485,0.9352069962662315
-0.37851162325373,-1.339554737780123
-0.9328858041414634,-0.47197113223296605
1.1375035237499351,0.5583906010417687
0.6780719051126378,-0.1299047264866542
1.3479233034203064,1.5777685169262683
-0.7224660244710908,-0.11120510435327782
1.502500340529183,1.4545167405545238
-0.793549122532573,-0.09488351034815523
1.912537158749661,1.3240882693412104
1.2537565922457836,1.2514504026911708
0.7842713089445628,0.46513506358122836
0.3692338096657197,0.7606940168758098
1.2537565922457836,1.0117893760830774
0.917537839808027,1.1984403495009428
0.06711419585853662,0.49861620023644504
1.6322682154995136,1.3300083343592797
-2.20013961448932,1.8881541285072339
1.782562460606317,2.4109341138084956
-0.5360529002402092,0.014630187413728124
-0.16992500144231126,-0.3538017677044236
0.4854268271702411,0.38016203307544755
0.2837929660005907,0.4918935556144309
1.3275746580285048,1.2491842811307345
0.2223924213364481,-0.37791174363018754
0.8300749985576878,1.3929813347011553
2.2976805486406855,2.6810755741484544
0.6780719051126378,1.4085008969100619
1.4232114307245443,1.4945887263613327
2.20212382383046,3.4128335690701412
0.5849625007211565,0.04278722411078928
0.0,2.0250778904972453
0.0,0.12003972140712849
-0.7369655941662066,-1.0735199427203963
1.0,0.11477745183915569
1.1255308820838597,0.8180284487248856
1.549338590990435,2.1364945450537087
2.488747185461853,2.6408538237210353
2.659730269123129,2.3638806347661374
-3.8994731240460356,-1.3576052525848386
1.5405683813627027,1.607607985208122
-0.19264507794239583,0.009186804145284944
1.7589919004962051,1.3798153060747484
0.5405683813627027,0.2907841047352845
2.9360369412680347,2.2077633187447914
4.550746785383243,2.826504024208295
0.0,-0.037354715416585305
0.6918777046376685,0.008776446246664113
-0.34792330342030686,-0.9114724301871459
1.0931094043914813,1.095210105747936
4.750771393691236,2.457026485993456
4.643856189774725,3.1438418060026745
1.8639384504239715,1.1064198912265577
-1.0324214776923775,-0.37313492343208154
0.0,-0.8520888822141934
1.2223924213364485,1.5389203226023593
2.0976107966264217,1.4499619590079873
0.13750352374993557,0.3302342819322342
-1.4947646917495776,-1.356298215833265
1.765534746362977,0.8639424225190346
1.9757524537533229,0.5859046415801865
5.954196310386875,3.905865432666211
0.0,1.290657449076157
-0.8744691179161412,-1.1795066905930816
0.0,-0.10260872484786253
0.4150374992788439,0.23965816887040714
0.0,0.032783798519144036
-1.1053530001462288,1.0528246019799836
0.0,-0.36440469257305574
-0.04439411935845339,0.07218108314587021
0.485426827170242,-0.06395937648843236
0.7369655941662066,0.4319688858156907
0.42968427524324504,2.678980631464886
0.4150374992788439,0.5928623396935149
-0.09019780897157847,0.12635414956063998
3.7425037777076358,3.205676531181334
3.5138794026596747,2.4666914618267923
1.4069641987431627,1.749189812306205
0.24100809950379487,0.7789436581887912
-0.7725895038969277,1.676293717185206
0.19930880822340669,0.5199029644984456
1.6280312226130418,1.5605003910068422
1.7264349266740364,1.1111221500763806
0.5849625007211561,0.37621878095708755
3.9835118772114306,3.6353901139856073
3.0,1.3427306880702257
6.06216882108643,5.02669234735991
-0.04182017569462726,0.2780934375734497
-0.029146345659516015,0.716393737814613
0.0,2.4175555752185094
1.5525410230287786,0.8196013999189731
-0.3219280948873626,-0.4715569588110593
1.8073549220576042,1.0674694951683026
0.0,0.2928190819807669
-0.5849625007211565,-0.46243907717683563
0.900464326449085,-0.10818657975326174
-0.3818706353436445,0.5733996291684762
-2.174774401103708,-0.6320988307582672
6.880195728943098,4.237973241216103
0.21008552588483376,0.45380591519618557
0.4150374992788448,0.8581755699489957
5.614709844115208,6.43006651629567
0.8845227825800648,0.8085212804535089
1.3479233034203064,0.532440784700918
-1.506959988719883,-1.3567056236398436
0.5849625007211561,-0.31602282043242624
0.6918777046376685,0.5224177894896639
1.8073549220576042,2.4159806978601273
-0.6166713604484944,-0.3373722765593481
1.971985623830403,2.3330623028716793
0.0,-0.41195945828104286
-0.44057259138598104,-0.7781553623187584
0.8345763907926278,1.023084507870827
0.7369655941662066,0.40911244848964956
0.3219280948873626,0.48944667345832926
0.7062687969432906,0.6210242491558705
-0.7104933828050148,0.0029968604154637654
0.7842713089445628,0.6664648001853899
4.550746785383243,3.2259183816834573
-4.253341009629951,-1.4246010740726847
-2.8137811912170374,-0.5886573433311989
1.6280312226130418,1.7906200267280235
2.1658088929700803,2.1632024236840826
0.6520766965796931,-0.042153130589641874
0.0,-0.2829152686167558
0.13750352374993513,-0.1231459235767447
1.6780719051126374,1.7338616655378245
1.7328079686925504,2.6353419783164527
0.728697978182606,1.2257414918279557
0.7884958948062879,-0.3247273953154733
-0.5235619560570131,-0.8388369086538484
-1.85466063683596,0.3899623373264092
-0.4150374992788439,0.24362834906653463
1.3479233034203064,1.1717932375651803
0.6780719051126383,0.4752855574158273
1.2537565922457836,1.2396853718557415
4.214319120800766,2.5637046751724917
0.3048545815284216,0.46023796665663586
0.6520766965796931,0.33481480834994076
1.3575520046180838,1.1688906339536467
0.20645087746742652,0.012360009177784579
1.7264349266740364,1.257203127895707
1.7655347463629765,0.9845511001798547
1.3479233034203064,1.0213644231437258
2.7369655941662066,2.783532911803814
3.5849625007211565,2.482914166026826
2.7880543660986685,2.628390988546728
0.8073549220576046,0.36427061125147187
0.7589919004962051,0.24882515073605213
0.0,-1.8647402911240163
1.4232114307245443,1.3448647444519866
-0.7369655941662066,-0.8575586362124598
-1.5215371205795227,-0.22421740480075364
0.7842713089445628,1.4719403685981953
1.4594316186372973,0.19520453668029436
0.7988601278921479,1.7062374461874241
2.2976805486406855,2.6243543049646836
3.0,3.2380397479988634
-0.7369655941662066,-0.558643960769514
0.6214883767462704,1.0237629194116797
0.9289169019385177,2.0681130894163378
0.10691520391651199,0.4951338560971803
-2.459431618637297,-1.0748687922624394
1.4012239239101554,2.8339498982152898
4.851749041416058,3.4052668553378265
1.415037499278844,1.1480655652841754
0.485426827170242,-0.8994246455938694
2.292781749227846,1.5574922595182032
0.3410369178350665,0.6886696878241284
-1.4208431209600496,-0.6795248959125565
1.7655347463629765,1.5710663348232665
1.4947646917495785,1.181951957341054
0.09019780897157847,0.5367916139267194
0.0,0.12347024786796107
-0.4043902550793357,0.021206898493343656
0.24100809950379487,0.2909401908195245
0.22239242133644765,0.7337381950126853
0.0,-0.9711766406354136
0.5525410230287786,0.7672577205831761
-0.9634741239748861,0.7209373308178663
1.3479233034203064,0.6058997784982635
1.087462841250339,1.3737032334144905
-0.2223924213364481,0.9200466490897756
0.8845227825800648,0.5714363247661729
3.7425037777076358,2.9122997198196794
-2.838456139345344,-0.5437530488086996
0.2954558835261709,0.19755151954043879
0.44057259138598104,-0.36917192922444014
1.2537565922457827,0.98556523940253
0.2995602818589078,-0.5395378795102703
-1.1053530001462288,0.9220682369522355
4.214319120800766,2.616056113721143
0.7182290315846203,1.4739837649762737
-1.880418384247327,0.463229799451189
2.0752881273042374,1.373331714674484
0.1154772174199361,-0.6296181949796313
-0.07400058144377741,-0.23163928200697653
-0.20163386116965043,-0.575518244031666
0.691877704637669,0.556651564499496
3.7425037777076358,3.3871232970330634
0.3448284969974411,1.722755181683038
0.10691520391651199,0.045763591578818597
0.900464326449085,0.916906034001336
-0.7725895038969277,1.434828250119684
0.0,0.4108276657167712
0.8650704199138914,0.6254244760264283
-0.5360529002402092,-0.18212244275325884
-3.1497816176464823,2.469577735589926
3.0,1.3024870032448794
0.0,-0.18767840415225306
1.4947646917495776,0.4187348909624623
0.18641312423088152,0.24691077303863868
2.8194277543581796,1.9383034357687952
3.764286200165719,3.3036848952574163
0.900464326449085,-0.20451759145468518
1.087462841250339,-0.024407394740113254
0.33703498727757175,0.6769459382558427
0.22948184612276723,0.10553290089228783
0.24100809950379487,0.06366099319003082
-0.2223924213364481,0.13938806344014787
1.0473057147783562,0.5581922224508605
-0.6214883767462704,-0.9866653393181839
0.0,0.4034132905678576
0.0931094043914813,1.0560440510682991
1.6280312226130418,1.2505117976868354
2.1950159824051427,2.8758625199969563
0.0,-0.278579438198179
0.2995602818589078,0.5200625504861802
1.6280312226130418,1.75486185583969
2.1658088929700803,2.5112192499238284
1.054447784022376,0.6408985290287788
1.1096244911744986,1.5470205738235718
1.3219280948873626,2.0153215241138143
-0.37851162325373,-1.069562307320695
0.0,-0.029774489207666177
3.192645077942396,1.3230240293102375
0.12553088208385876,0.2864965534733691
0.0,0.6391804444518949
0.24511249783653177,0.16449364823893395
-0.2801079191927349,-1.3423607233637023
6.06216882108643,5.461852706479421
0.8479969065549495,0.2106573159604038
-1.85466063683596,0.35419011031550734
-0.5849625007211561,-1.1309782014315801
1.502500340529183,1.372056006287563
1.2537565922457836,1.1578830712587058
0.485426827170242,0.3915781987756999
0.9328858041414634,0.2961742701780813
3.5849625007211565,1.6518875014065282
1.280107919192735,1.1558107217353228
3.5405683813627027,1.919341715040412
-0.3219280948873626,-0.6564136524857842
1.2537565922457836,0.9708070951681872
0.917537839808027,1.1218466951530404
-0.8624964762500653,-0.536689891442558
6.199672344836365,6.262376431715373
0.0,-0.19375860931461864
-0.11547721741993477,0.47435375491917997
0.0,0.3172493438557676
-1.432959407276106,-1.0243557799257321
5.714245517666123,4.662194318666539
-0.24100809950379443,-0.023288276909378517
0.34792330342030686,0.4222886875105589
0.8300749985576878,1.5140779338838122
2.8194277543581796,2.421066433820824
0.8073549220576046,0.3343881043843955
-0.16992500144231215,0.06571722615769138
1.2223924213364477,1.3325265892007094
-0.10691520391651199,-1.1325755658893848
-0.7369655941662066,-0.8917572101376072
1.6322682154995127,1.1393664652017415
-0.7004397181410917,0.32227010556020175
-1.0588936890535683,-1.036277195198712
2.2630344058337934,1.4552823152269423
1.6780719051126378,1.2640546057148325
1.5405683813627027,1.6382404133060227
0.29956028185890826,0.9103140671848357
-0.24100809950379487,0.11749082636687991
0.739848102699328,0.6515885910527857
0.10691520391651199,0.5888855562492277
0.24100809950379487,-0.8406784813999353
0.4854268271702411,-0.08647613350449435
-1.415037499278844,-1.4507480707969458
0.6322682154995123,0.14611321316423076
0.25929200414797826,2.844478283409423
0.49749965947081787,0.11842660174238528
-1.1502426355806126,-0.4990191060328616
0.19264507794239627,-0.4957939242045631
4.643856189774725,3.3844440736262866
1.502500340529183,0.6714887199963958
1.1813297647145617,1.9174387250874847
1.4947646917495785,1.2415854826067247
0.5849625007211565,-0.1543663383553627
0.23132554610645517,0.6915888267787087
0.5525410230287786,0.7992107474162845
-0.022900402110078488,2.15176177455757
3.5849625007211565,2.2632552349630526
1.054447784022376,0.7124658764809321
1.3692338096657197,1.3268454929578248
0.15200309344505047,0.2284374910787547
0.6780719051126378,0.8104286036844958
0.0,1.5388360881934446
0.7884958948062879,-0.055655036855036144
-2.8073549220576046,-0.4824761546039832
0.24100809950379487,-0.0018492449310991699
0.6780719051126383,0.9021850042800981
0.12553088208385876,-1.0624176293622543
4.764286200165719,3.925446506446018
1.2537565922457836,0.9958488804052577
-1.880418384247327,0.5719675955049202
2.0297473433940523,1.3018317245975255
-0.07400058144377741,-0.20830997862975284
-0.20163386116965043,-0.6348415049219113
1.6322682154995136,1.2493478382312198
-0.2995602818589078,-0.9672768234933034
0.43063435432986186,0.27893013709650727
-0.8981203859807865,-0.3784850276279199
0.900464326449085,-0.11806203925946883
0.24100809950379487,0.680537755008484
-0.07400058144377741,-0.6955230770653893
1.782562460606317,3.499119764055365
-3.1497816176464823,2.504784414421892
3.0,1.4431733866410497
0.0,0.1782413708617113
-0.32192809488736174,-0.21149493636420133
-4.832890014164741,-1.881600699706783
1.1468413883292707,1.266599423065165
1.3479233034203064,1.5738099465156319
0.2630344058337939,-0.2598425111202596
1.8073549220576042,0.9599602411969043
1.9360369412680347,3.015056200612837
-0.938599455335857,-0.7903708086183784
2.8194277543581796,1.7538220949728665
0.900464326449085,-0.14192189064234512
0.23446525363702353,0.48832487445658135
1.3923174227787607,0.7129553908044702
3.4474589769712214,2.358458860416616
4.121015400961365,3.180193925303908
0.13750352374993513,0.5207726458926103
-0.2479275134435852,-0.46313562062948965
0.5431423250265288,0.7053460200111381
1.0766212816029128,1.8023384935799838
-0.8073549220576046,-0.7451051830551965
-1.0506260730699677,-0.9722710624056161
1.3692338096657197,1.2516340217312432
0.6214883767462704,0.20443250811881264
0.7533600324168752,0.4725984943596595
1.432959407276106,-0.2493173731060877
-0.5525410230287786,1.4630392536212282
1.3692338096657188,1.0164005191122047
2.0703893278913985,1.5849025364270495
2.1658088929700803,2.3505919830899846
-0.12553088208385876,-0.22570717256281544
1.4854268271702415,1.7398078097933045
1.8981203859807865,1.6666020027572064
-1.263034405833794,-1.360725047686339
1.1375035237499351,0.5205793726621287
0.3448284969974411,1.7355882740737956
0.485426827170242,-0.19790980151843485
2.299560281858908,1.8745776055939372
1.2334901302197778,2.5749165353969494
0.561557896386212,0.4443835213376857
-3.856137295143885,-0.6249708691925877
1.865070419913891,1.2108546132419236
3.5849625007211565,1.4769193307458526
-0.34792330342030686,-0.9343433294443955
3.5405683813627027,2.1773201772440305
1.6780719051126378,1.0746803680669177
1.415037499278844,1.3021204986626072
2.152275274379898,3.527109846820053
0.4150374992788439,0.2533664280850966
1.3410369178350656,3.778348638735878
0.6214883767462704,0.7470089538051539
-1.887525270741588,-1.2759528411485572
0.8624964762500653,0.11966030675547867
-0.04182017569462726,0.39211119415454865
1.2931963763440457,2.626388326581621
0.2837929660005907,0.30087450267442817
1.7655347463629765,0.9537553312046362
-0.24100809950379443,0.06262765522813127
0.9759143814756879,0.6659306217233103
0.2223924213364481,-0.48466058117569455
1.6229303509201771,1.3829381784039612
1.3598959450863832,0.5991797758662485
-1.8073549220576042,-0.8024234497913867
2.4863986662375677,1.614235608270869
0.1740293997750486,1.224235595380016
0.6780719051126378,1.4391423189434474
0.5849625007211565,0.08585918764717092
6.742692205193163,4.313797066746939
3.0,2.7035123758370556
-1.506959988719883,-1.5170285266031807
-0.1375035237499347,-0.2954186778415652
1.6229303509201771,0.9652495114495496
0.10691520391651199,0.6383270075854841
0.24100809950379487,-0.5749464588875726
0.24100809950379487,-0.38136818533529837
0.4854268271702411,0.029495084058988923
0.34792330342030686,0.5817146139760461
2.155278225477911,1.7139285942859646
2.292781749227846,1.486488463690275
0.947532580105864,0.955536540933436
-1.4208431209600496,-0.5638569204919407
1.4947646917495776,0.7631399586421835
0.1671099858352587,0.8257441520208172
0.8073549220576046,1.3357047274003646
0.07038932789139807,0.7916946524414583
0.2954558835261709,0.25630023094819476
0.0,0.4945044442426314
0.16046467219324612,0.26527232754889263
0.6322682154995123,0.2189657120685489
1.502500340529183,0.7158968043836872
-0.793549122532573,-0.11650214923287501
0.09621531525930305,-0.07061897525996638
-0.5849625007211565,-1.346952421032197
0.0,-0.09177949329207813
0.5525410230287786,0.7950447680641779
1.087462841250339,1.2676846510774846
0.0,-0.6375697551839221
-2.838456139345344,-0.654803335101094
-0.2115041051937121,-0.5007051389232109
1.0931094043914813,1.6192835136395103
2.2143191208007664,0.9192794154248478
0.47643804394298694,0.450062665365653
1.4947646917495785,1.2397883708859032
1.087462841250339,0.3524037517671485
0.0,1.9739106925566914
-0.19264507794239583,-1.450463517285425
0.4854268271702411,0.005439378771570332
3.0,2.7650776129622168
1.0747677684019727,1.5291590967397066
0.925999418556223,0.9205731053564324
-0.14684138832927118,0.6487874627608495
0.0,1.679911537948746
-0.1154772174199361,-0.07323439507890228
0.691877704637669,0.5521682048589363
1.3219280948873626,2.1503747496736074
0.13750352374993513,0.03689088170093661
-0.8981203859807865,-0.3730168213035685
-1.1076089740865953,1.718806461966003
1.7264349266740364,1.189692047186421
-1.3959286763311392,-0.9450104484600046
-1.7589919004962051,-0.29065163325387516
0.0,1.5916928722432337
2.20212382383046,3.2361936949430934
-0.32192809488736174,-0.11274465244564053
5.129283016944967,3.1984789302215098
6.06216882108643,6.262302863538446
-0.938599455335857,-0.8335563688767933
0.0,0.18450474123176058
-0.5849625007211565,-0.3462488491596911
-0.3818706353436445,0.39575570473837196
1.0,0.6132813254742131
0.0,-0.6913237285769669
0.7842713089445628,0.9144726913712686
-0.362570079384708,0.13263378714755847
1.971985623830403,1.9592174558206177
0.0,-0.233804346914948
-0.44057259138598104,-0.8124381899217643
0.0931094043914813,1.0272793484429634
1.2223924213364477,0.7864417116000868
1.3692338096657197,1.2169329796611683
0.9541963103868749,1.1089931677690372
0.29956028185890826,0.9356147869703347
0.8744691179161412,0.6028505695397528
3.4474589769712214,2.9154051760749744
0.23132554610645517,0.3829460600445623
-0.5145731728297585,-0.437752095277796
6.742692205193163,4.47120494009711
0.6520766965796931,-0.022069758905993497
0.5405683813627027,0.8002199554114676
1.6780719051126374,1.854420169482294
0.6951454184715784,0.9057446768669988
0.12553088208385876,0.20136685637886842
-0.6214883767462704,-1.1126675026409751
1.765534746362977,1.3219541757241084
0.903784684740697,2.329168867958319
-0.04580368961312509,0.6461597063510776
0.0,-1.0603501098467867
-0.5235619560570131,-0.6781096564517417
6.06216882108643,5.708236017196018
1.9685041470707585,4.519013753223535
0.0,0.8742463119990705
-1.85466063683596,0.46356812641402934
-0.5849625007211561,-1.186288260261529
2.0752881273042374,1.2426537467964125
1.865070419913891,1.2825139188354593
-1.0000000000000004,-0.7901477483794043
6.742692205193163,4.063977212940127
1.280107919192735,1.1689047380155375
0.1375035237499347,0.49630107318310723
-5.314314910777487,-1.6983066805334976
0.917537839808027,1.1408813327097826
2.603821527972473,2.6959262558558468
0.8073549220576037,1.4485231255113198
1.6322682154995136,1.2952584501580757
1.3575520046180838,1.2107231741635096
-1.8981203859807865,-1.1617869351916192
0.6214883767462704,0.76994691715169
-3.716207033999409,-1.5348686670241907
2.7880543660986685,2.730454047258301
0.947532580105864,0.4857658379359099
0.9759143814756879,0.7953114599156951
-0.6629650127224291,-1.0106400481230777
-1.8073549220576042,-0.8157084193927978
3.0,1.5284800440121238
1.1069152039165115,1.3024283812532382
-0.44057259138598104,-0.30085347205705126
-1.5215371205795227,-0.1750216902273197
0.561557896386212,0.30660789098586094
3.4474589769712214,2.7260668220540154
-1.3575520046180838,-0.14357081833678942
-0.3312059084753738,-0.04112071207880799
1.0159415438690216,1.1576006562810337
-0.8930847960834876,0.2839665198766437
-0.7104933828050148,-0.5569642005913664
1.5405683813627027,1.7107867597576152
0.6214883767462704,1.1204532742381512
1.3136604789037616,2.6819709364872173
1.7589919004962051,1.2902075857024022
4.851749041416058,3.440027744698569
2.8194277543581796,2.0249916089763644
2.9360369412680347,2.70150841355937
0.34792330342030686,-0.5891897238319218
-1.2439255828860896,-0.5561752181953835
0.2223924213364481,-0.25125924536612454
0.0,0.026277842854763644
-0.34792330342030686,-0.8828556181910979
2.292781749227846,1.6402835294003217
0.15488560197817147,0.8296483078787789
1.1699250014423122,0.18089549506850477
0.739848102699328,0.7086773161902888
0.09019780897157847,0.41552397519886874
0.485426827170242,0.3082549036232538
-0.023586820317616386,-0.0061119998068858315
0.0,0.18999857864870315
0.0874628412503391,0.02764658369466979
0.0,0.008603028981309047
3.5849625007211565,2.2090754755885875
4.764286200165719,4.037910951782748
0.6780719051126378,0.743628501904635
0.6780719051126378,0.6921971955007515
2.0356239097307216,0.8417614727250808
-1.3667823306716231,-0.720750200872158
0.4150374992788439,0.10296549509776354
-1.450825828069621,-0.5235142481948399
0.6520766965796931,0.5501586082567788
1.0931094043914813,1.5303707155682909
0.19930880822340669,0.3409507127806828
0.0,-0.45393587963939397
0.9663168737437111,1.5542756662874728
0.36257007938470753,0.07991836321513777
-0.547487795302493,-0.3300226773437711
0.7198920808072646,0.3931081770587555
0.0,2.0158488214600405
-0.19264507794239583,-1.5573457181513513
1.0747677684019727,1.3972029159615884
0.6229303509201767,0.8280428208588737
-0.8259706002249514,-0.7412068432634119
0.24100809950379487,0.33056181398826157
-2.0443941193584534,-1.8483575831486834
1.9411063109464317,1.1859406084807789
3.4069641987431627,2.183889977337227
-0.8395353278067539,-1.2313077475430487
4.866248611111173,3.2969730631594576
0.8650704199138914,0.8223045788875945
-0.3677317845004877,-0.26957880111761456
0.24100809950379487,-0.3806143908513324
0.0,2.3838016869474052
-1.227535724612408,0.3326896740028296
1.8073549220576042,1.033938320235835
0.400537929583729,0.2199328394334125
-1.9751966089994273,0.29954936936681287
1.3667823306716231,1.7775882917587797
1.0911478880581953,0.6427866746619665
0.4947646917495776,0.4049514915172492
-1.0641303374197157,-0.8506919215441917
4.936637939002571,4.923012463040111
-0.2479275134435852,-0.5277729806960174
-1.8402195559632313,-0.3733468312553482
1.1699250014423122,0.5479143105739985
1.0159415438690216,1.140587716658259
2.0752881273042374,0.9823782037048334
2.292781749227846,1.7443041516132558
2.0703893278913985,2.152310706209746
-0.04890960048094595,-1.1596421261382595
-0.8073549220576046,-0.8830864296988883
0.4947646917495776,0.1570813013963798
4.743391863325639,2.642442581919283
1.2223924213364477,0.8283131940894379
0.361336479445598,-0.10070715033758555
0.7062687969432906,0.4427964271469305
-0.7104933828050148,-0.06667773653467224
1.8073549220576042,2.21503959194417
0.4150374992788448,0.7852674698743726
1.0,0.4087304814128129
2.1658088929700803,2.376807514480892
6.114660982580121,3.981181993067249
6.742692205193163,3.5131252137624913
-0.2223924213364481,-1.01969239584922
2.350497247084133,1.0423003829981938
0.6780719051126378,-0.06502016294702462
-0.3677317845004868,0.186688150296982
2.678071905112638,2.211449366254288
3.4474589769712214,2.782944506681271
-0.6248552278446695,0.15143990867999002
-0.8231222379159209,-1.2611100257704035
0.900464326449085,0.8515613843520237
0.0,0.935974776112324
0.16046467219324612,0.7910165235994131
0.0,-0.9376129708343528
0.8667334691365358,1.040982727214381
1.415037499278844,1.4125603820939525
0.06711419585853662,0.6108895668117176
2.2976805486406855,1.9906570962329713
-0.4150374992788439,-0.35924838270605997
-0.11547721741993477,0.5025219701156862
0.6214883767462704,0.7989885360511026
0.4854268271702411,0.21810068670549168
0.8624964762500653,0.25672407063736835
-0.584962500721157,0.13699990020880698
3.2064508774674265,2.114145244556786
-0.6280312226130418,0.055322188708014794
-0.2863041851566406,0.3582835000112549
0.3719687773869582,0.7298028028341639
2.884522782580064,2.0519669801389275
6.742692205193163,3.7487327932665515
0.11735695063815843,0.8920987950771389
-1.8073549220576042,-0.8699919891304538
1.4232114307245443,1.3557946496093285
0.5849625007211565,0.14978820658779032
0.19930880822340669,0.5874677594407491
1.1822033312207498,1.305640975590676
-0.9434164716336322,-1.0748773907416855
1.9142701259741162,1.3506768781630918
5.228818690495881,3.3495022877112817
-0.7369655941662066,-1.0769226732274624
1.765534746362977,0.8165880284331053
-1.0506260730699677,-0.9003724739216067
0.27207954543680124,1.7798353676899654
1.1805722456418204,0.6510395334854765
-0.5849625007211561,-0.05429539071450418
1.1375035237499351,1.0979610438495189
0.0,0.4669597605330109
-0.562936194391157,0.4033173995045465
-0.055141554192460696,0.33504875898101094
0.6674246609131291,0.36556751832819523
1.045803689613125,1.321811245759634
0.584962500721157,0.8185516100198965
-0.4854268271702411,-0.37806481362335415
0.6322682154995132,1.0030572090027703
1.2274104961030723,0.8969303209625005
0.49749965947081787,0.07753684572258557
-4.105534414172357,-1.8126402556875132
-0.09953567355091453,-0.6723434873450616
0.0,0.360599147298613
0.22239242133644765,0.6258931231053567
0.6322682154995123,0.06459305291505782
-1.8073549220576042,-0.780487073396658
2.155278225477911,0.8396303218455458
0.5849625007211565,-0.1873082313694556
-0.5849625007211565,-1.0906769655671493
0.5525410230287786,0.7715441497937123
0.0,0.6464033268981242
0.12553088208385876,-0.9350815605786518
1.1699250014423122,0.6521403225896454
0.8845227825800648,0.5722229098724341
5.392317422778761,4.158309879076234
-0.5405683813627027,0.5577738473178089
0.45637829465974367,1.2865440954021938
0.3048545815284216,1.269198723360266
-2.8073549220576046,-0.47725306064728823
0.0,0.03219571642430108
0.6780719051126378,0.5579916890530561
1.0,0.8429320741753166
0.12553088208385876,-1.1705052001525023
-0.7004397181410917,-0.9389373796200251
-0.19264507794239583,-1.5908713444922125
1.1069152039165115,0.375470214619808
0.6229303509201767,0.6998742145117106
1.0747677684019727,1.356447844404566
0.7776075786635528,1.2122566405936206
1.054447784022376,1.0250046157839579
1.3320760502634448,0.639430649016699
1.4069641987431627,1.4630776062271662
-0.2995602818589078,-0.2321265742160089
0.24100809950379487,0.7198895457694062
1.1069152039165115,0.3644596944681049
1.6229303509201771,1.4280708443313679
2.20212382383046,3.5028123191347613
-1.227535724612408,0.40837667123246024
-0.8073549220576046,-1.2338744872670488
-0.5849625007211565,-0.41265899531006944
0.0,-0.9389199179826919
3.4474589769712214,2.5081284897625085
-0.8813555035013811,-0.6097828197319185
0.8981203859807865,0.5250005421879991
1.087462841250339,0.02153015251617009
0.0,0.5639892272113588
1.4854268271702415,1.0581345845850558
0.21008552588483376,0.35888966658791455
0.0,1.485204864464353
4.121015400961365,3.232402636056272
1.6322682154995127,1.4583270003335547
0.5360529002402101,0.7980733742103596
0.5910990265231071,3.232017789317305
5.129283016944967,2.9130693438481097
-0.8073549220576046,-1.007419873807712
-0.44057259138598104,-0.8013897024499376
0.0,-1.5514383069682012
0.361336479445598,-0.23410122711877165
0.9541963103868749,1.0071484283744978
0.4854268271702411,0.19427896502986686
0.4150374992788448,0.8846543870264829
-0.12553088208385876,-0.16782123761822568
1.054447784022376,0.7404655268219258
0.6520766965796931,0.16633698143144682
-1.0,-0.9478836455391433
-1.263034405833794,-1.3198980192355447
1.1375035237499351,0.5980395830657834
6.5016841056893675,4.513291742858505
-1.4947646917495776,-1.3359612853591254
1.4863986662375677,1.9561727030679235
0.485426827170242,-0.07884233030551568
2.299560281858908,1.935920204974302
1.7951802081115025,1.4498773293052483
-0.6248552278446695,-0.13675452987272013
2.0356239097307216,1.2550213171875049
0.4651227307151524,1.7562594132212117
6.06216882108643,5.405916339121614
1.4913173901311083,3.1210769011884993
0.561557896386212,0.268882380410035
1.912537158749661,0.9220106059478903
0.25929200414797826,2.694521361119697
0.4768136968655341,-0.22634543673574753
1.2537565922457836,0.9514504835686872
2.061400544664143,1.7770779589882277
-0.02046410255971587,1.1804748805639944
-1.912537158749661,-0.8760619648865194
0.900464326449085,0.11148434813965014
-0.14017765804825988,0.4689574831331839
-1.3692338096657188,-1.3469053705518232
2.0,1.29778166462102
0.5618788876081142,1.3221057342431957
3.6293566200796104,1.8636402834303565
-0.5849625007211561,-0.658693916427376
0.6646513893503156,0.1568642190491179
-0.7045441164738291,0.0012446374423785967
2.5800720043740837,3.98453911381135
1.4232114307245443,1.342347281870774
6.06216882108643,4.772413358705771
2.212993723334198,2.0581481716388925
0.23446525363702353,1.5415369248779074
0.613645255425241,1.9714554070769599
-0.28950661719498516,0.3954950437990855
-0.8744691179161412,-0.7695741974092335
1.8345763907926278,0.5263806013758668
-1.0588936890535683,-1.1167649874611172
0.0,3.83066816660349
-0.8930847960834876,0.16960827618478702
2.2630344058337934,1.48611981470058
1.415037499278844,0.6991822699741751
0.0,0.3412044044568011
2.8194277543581796,1.9439963464018186
2.9360369412680347,2.739003973695836
0.5618788876081142,-0.38255180995840665
0.15488560197817147,-0.49971732614558695
0.1671099858352587,0.6543934497718265
0.0,0.21615637324344888
0.485426827170242,0.31413844504852895
0.6322682154995132,0.9776332642606747
-0.04182017569462726,0.21161985247878448
0.485426827170242,-1.063124896096662
-1.4594316186372973,-1.1009476062925039
0.547487795302493,1.116647237269048
1.6780719051126378,0.9078623268687157
0.6023445789493929,0.8792115595209835
0.15200309344505047,0.002518014110591062
0.3048545815284216,1.2187306947964167
-2.8073549220576046,-0.43411619312089883
1.4329594072761065,2.4596582567693632
0.0,0.031538038696848195
0.4150374992788439,0.1693635952979562
0.0,0.1730394443234874
0.12553088208385876,-1.0035464383026738
1.1069152039165115,0.33352757248577325
0.917537839808027,1.1594633890640453
-0.10691520391651199,-0.8010195591205662
0.5525410230287786,0.08068127965564169
1.0747677684019727,1.3861290687155228
1.0000000000000004,-0.19694688136287186
0.925999418556223,1.0925978872408706
0.42968427524324504,2.5294350348706227
-0.10893437155316477,0.6278097024660649
0.1154772174199361,-0.9302895394171381
0.8981203859807865,0.7472827703087025
3.7425037777076358,3.3253852946399856
0.6520766965796931,0.1963763022071371
1.054447784022376,1.139905718847831
-2.0443941193584534,-1.7057454920924084
-0.24511249783653177,-0.057451475063503704
0.6780719051126383,1.5491467127785095
-0.9284467389749667,-0.36984641355766
0.24100809950379487,0.7682819664119332
1.7224660244710912,1.184795926621389
0.19930880822340669,0.4428701373407318
0.07800251200127306,-0.014827453005025415
0.5849625007211561,0.5003106935529491
1.6520766965796931,0.8192559526145843
1.415037499278844,0.6222696350529089
0.7062687969432897,0.5474624561218985
2.087462841250339,2.281025943556428
0.485426827170242,-0.8669955731762085
-1.7776075786635523,-0.9144657883628459
-0.8073549220576046,-1.24952554755904
0.20645087746742652,-0.07574287042799481
-0.938599455335857,-0.7761896649532607
-0.6166713604484944,-0.38991555021042384
2.8194277543581796,2.053811732079475
1.4594316186372973,0.7879941718240855
0.900464326449085,-0.18957098371117986
-0.20163386116965043,-0.3272394129863298
1.087462841250339,0.04053467936412834
6.880195728943098,4.2964356424827805
1.6322682154995127,1.4092897216433926
0.5360529002402101,0.7434501971164488
-0.24227584566699711,1.5978339218778408
0.5525410230287786,0.8939756206515725
-0.19264507794239583,0.07950859888478523
-0.6629650127224291,0.04822563175166006
5.228818690495881,3.038889285378507
6.742692205193163,4.0985619892123335
0.0931094043914813,1.071504854305353
-0.10691520391651199,-0.004092628872471804
0.361336479445598,-0.23568495445329127
0.7062687969432906,0.5236667578267725
-0.2115041051937121,-0.07635960640178907
1.1375035237499347,1.0167570994804394
0.4150374992788448,0.819628163044289
1.0,0.476318798716806
1.3575520046180838,2.097912453543421
1.1096244911744986,1.6255663126288993
-0.6214883767462704,-1.073950541220614
0.0,0.08589605332170891
0.6623045892543207,0.7053085864504042
1.7951802081115025,1.389391956902276
-1.432959407276106,-0.9466358681929975
3.966391607357181,2.516896325963062
-1.6844981742720706,-0.7335990116348424
2.752072486556415,1.6528705271846997
0.0,-0.9876047742743083
1.3692338096657188,2.4108445342671887
1.912537158749661,1.090177569124504
-0.7004397181410917,-1.2011986778213763
0.25929200414797826,2.673095997078775
1.912537158749661,1.4356337941157853
0.3923174227787607,-0.1876163097757142
4.214319120800766,2.4381955795411603
-1.1699250014423122,-0.21711946783806502
2.061400544664143,1.8164171289000082
0.9306607959260855,3.481827063152885
0.3410369178350665,0.4016776831757749
-0.17508670655809144,0.44161047738855064
-1.8981203859807865,-1.1294981084535387
0.8339900485610707,1.3031746530040114
-0.26303440583379345,-0.42930314046996254
0.6731896837328915,0.2628848855879126
-0.16175106999661182,-0.09408918601493102
-1.912537158749661,-1.0713680297018768
-1.3959286763311392,-0.9582369317138356
0.0,0.34571073215870435
1.3479233034203064,0.9510078690445363
-0.07038932789139807,-0.5318589429291073
0.584962500721157,1.5019585716997654
5.392317422778761,3.368924155075843
0.7589919004962051,0.3974013006635691
0.8073549220576046,0.38872257559422074
-1.8073549220576042,-0.8755104202630299
-0.16992500144231215,-0.07924881914059756
0.6780719051126378,1.4969824001694119
-0.4043902550793357,-0.02300999368495954
2.1935375586642634,3.7323215424300504
1.765534746362977,0.9260621828252324
1.0,0.047780603744598846
0.7842713089445628,1.828107778118223
2.4863986662375677,1.731585293706804
0.10691520391651199,-1.535067811662143
-0.3219280948873626,0.1795769291956425
-0.1375035237499347,-0.2832450321773395
0.27207954543680124,1.5989404700724208
0.0,-0.32858610964562207
-3.8994731240460356,-1.5622352942491453
-0.7104933828050148,-0.4336637162227681
0.29956028185890826,0.8254786228864827
-0.07038932789139807,2.190086097767412
1.6444635124698186,1.1909901167425654
0.10691520391651199,0.5788373912865505
0.7842713089445628,0.7383421131818555
2.8194277543581796,1.9110853464191995
0.4854268271702411,-0.08274247797122566
-1.2439255828860896,-0.5966807787074703
0.4854268271702411,0.16244239937111704
1.6322682154995136,0.9957185232375334
1.1805722456418204,1.1984395774481948
3.5849625007211565,1.463450528303404
1.4947646917495785,1.2406056366568052
0.09019780897157847,0.4035463559136031
0.7484612330040363,0.6406787831052126
2.596367263993405,1.6767390599757264
-0.768184324776926,-0.3786209728793629
-1.0641303374197157,-1.0466330386944986
0.9541963103868758,0.990935093245961
-2.4208431209600496,-0.5962340991897178
0.5525410230287786,0.8666224036565382
1.3479233034203064,0.7836851371099889
0.11103131238874386,0.052498444361126606
0.15200309344505047,0.21823793528495855
1.0984037040609946,0.5742416350812724
-1.3667823306716231,-0.785570077671711
-0.04439411935845339,-0.04589268184074896
0.485426827170242,-0.08835623426874371
0.36257007938470753,-0.03878597862716849
0.8667334691365358,1.073532695029056
1.6559290220752994,2.1795534841646114
0.6229303509201767,0.6807368134331592
1.3692338096657188,0.5493165325499727
0.925999418556223,1.0498715204537303
-0.07038932789139807,-0.5487261654184571
-0.1154772174199361,0.03222629103603647
0.24100809950379487,0.40496446180381906
0.6374299206152916,0.8590707179795612
0.4150374992788439,0.7142822999696665
-0.5376567859427999,0.5993040033600938
6.742692205193163,3.905455376033667
-0.8981203859807865,-0.41818673114829696
1.6571122864769916,1.8618575063773837
1.415037499278844,0.6564576799229791
0.7062687969432897,0.676243183549136
0.400537929583729,0.19058639135661884
2.0,1.1922968541181063
1.4594316186372973,0.7810929277674384
0.6291623046316914,0.5111459759880517
-0.4474589769712214,0.3636179149607405
0.0,1.1930382313365542
1.6322682154995127,1.4045080729909984
0.5360529002402101,0.8338631554149231
0.5910990265231071,3.1414718960467845
0.07800251200127306,-1.2407371217381975
2.4232114307245443,2.2553149568139434
1.0766212816029128,1.7836232587269056
-1.2439255828860896,-1.137521333865052
5.228818690495881,3.12545430534636
-1.4525122046975065,-0.5149780781830678
0.4947646917495776,0.3458725056627664
0.7842713089445628,0.9099022299992333
0.8744691179161412,0.49543732305009003
1.432959407276106,-0.6399376170805132
0.23132554610645517,0.4631388997684117
-0.37851162325373,-1.4058182976070364
-1.0,-0.9656501674994493
2.350497247084133,1.1668080233660003
0.6951454184715784,0.9314373541572543
1.7328079686925504,2.8981171157199084
0.6780719051126383,1.4943696885133384
0.24511249783653177,0.18900474977080373
0.485426827170242,-0.20648292876210694
-0.04580368961312509,0.7219721861960122
-0.7776075786635519,-0.8074789868675598
1.4913173901311083,3.0330610556871718
0.24616058726939727,1.2696086638843551
0.0,0.9351697495756198
-0.7004397181410917,0.3334050300269702
0.16046467219324612,0.8149741028520527
-0.4150374992788439,0.3285674820232485
1.054447784022376,0.19375784058797985
1.865070419913891,1.3115529589753874
-1.5052353082504215,0.025036639021183492
0.25929200414797826,3.0979367800566853
-0.34792330342030686,-0.9586908890406378
0.3692338096657197,0.6837581423086327
1.2537565922457836,1.0370083337297558
-0.025686643663648923,0.36005578181039954
1.415037499278844,1.2855161728007858
-0.8624964762500653,-0.42148788295267625
2.152275274379898,3.3294019398500057
-2.20013961448932,1.7473164145132103
2.476438043942987,2.42223251023415
0.7218981460772644,1.2236074687382914
0.6731896837328915,0.27775414759210837
0.900464326449085,0.16663465653792142
3.2064508774674265,2.51846655819462
-0.6280312226130418,-0.014918561244214788
5.714245517666123,4.824428566146896
2.0,1.152029192539749
0.3719687773869582,0.8012185021748057
-0.6629650127224291,-1.0987056086340292
-0.3219280948873626,-0.3742641459782178
1.1069152039165115,1.3643882970558272
0.0,-0.6995610928672096
-0.3785116232537291,-0.7184386989112118
1.6121839694561797,1.6905294647564184
4.998038483666714,5.915456232564292
0.0,4.004989800450954
1.3667823306716231,1.8256134186702502
0.0,-0.33176289895612066
1.7078192485066896,1.177666926650124
-1.624490864907794,-1.3378084357851812
0.4995710094905119,0.6447796130202293
2.155278225477911,1.8067254195279308
1.1805722456418204,1.1860755640234448
-0.4854268271702411,-0.47938195883227386
1.549338590990435,1.4658289009817589
-0.09953567355091453,-0.8136228124520031
0.0,0.2811599447078065
-0.5145731728297585,-0.42122780051262687
-0.9434164716336322,-1.1048449065028325
0.9541963103868749,1.1977160072961288
1.211504105193712,0.18146322909508422
-0.022900402110078488,1.948347673416154
3.5849625007211565,2.298333213906095
1.1699250014423122,0.34178696517630736
0.8073549220576046,1.2564823841497272
0.6023445789493929,0.854928128604479
0.0,0.2534736188678939
1.0984037040609946,0.6663868728409151
-1.3667823306716231,-0.92479417519059
0.24100809950379487,0.2135418781577112
-3.1565044856799904,0.5957029198479649
0.4768136968655341,-0.08037446361864009
1.6322682154995127,1.6266640409819368
1.6681037360214015,3.0551723207623303
1.087462841250339,0.31456714023944765
0.8744691179161412,-0.3114218802281853
0.6280312226130418,0.7166180904610248
1.0747677684019727,1.5242612324884044
0.4150374992788439,0.49493308090071597
0.485426827170242,-0.11427453515329855
0.4150374992788439,0.6807597539803336
3.7425037777076358,3.4687281224592175
0.13750352374993513,-0.05610195623555066
-0.023586820317616386,0.02067218857698295
-0.9284467389749667,-0.5290871209193407
-0.7725895038969277,1.5172884788622867
1.6229303509201771,1.418348493809274
1.7232906572691302,2.0351030112097774
-0.029146345659516015,0.7529623012087963
-0.1375035237499347,-0.4530045676215378
0.5849625007211561,0.3303302083869899
1.3504972470841325,0.22697760328775304
1.4947646917495776,0.6113058707178834
0.900464326449085,-0.10286667464215196
0.4854268271702411,1.1092857251810637
0.485426827170242,-0.40358568179688326
0.0,0.6012065533314763
0.23446525363702353,0.617819858977872
0.33703498727757175,0.709081716156999
0.6291623046316914,0.4592676591853515
0.4947646917495776,0.15502205326297022
0.0,-0.6313418467001658
0.5618788876081142,1.3143537268350372
0.7369655941662066,0.466120746089026
-1.1312445332782524,-0.144261742960318
-0.18442457113742705,0.2665734381417274
0.7533600324168752,0.5624555277661396
-1.7041342016988343,0.27436543806654723
4.550746785383243,3.5825589068882433
1.432959407276106,-0.5935156270468119
1.7127180479195294,1.2581695527004828
0.0,-0.3314818299882203
0.4150374992788448,0.8878929165755797
-0.9328858041414634,-0.5215420660582629
2.350497247084133,0.997759471908813
0.6951454184715784,0.9383898293326581
0.8479969065549495,0.31393890186711393
0.728697978182606,1.153237290980308
1.054447784022376,0.3116156350777872
-0.04580368961312509,0.652648824251749
1.4913173901311083,3.0250731444202237
0.24100809950379487,-0.3296009007263836
-1.6844981742720706,-0.7434434838932517
2.752072486556415,1.529476841258903
0.24100809950379487,-0.3758657916641128
1.0000000000000004,0.6984861340662524
1.2106019777547647,3.8195997631818126
1.280107919192735,1.319152687153231
1.2537565922457836,1.2913082284136124
1.6780719051126378,1.1713974072387732
6.199672344836365,6.423722510963136
0.7884958948062879,-0.08223330173184595
-2.20013961448932,1.54033462543834
0.0,-0.05136800998245983
-0.9840584561309784,0.3125585007445387
0.0,-0.9605341905073153
-1.912537158749661,-1.0308957093409175
-0.16992500144231126,-0.2927716816498102
0.4854268271702411,0.13846628594886504
1.2344652536370235,0.9545621990927001
1.1255308820838597,1.1779470185126568
0.947532580105864,0.3453452186224877
1.4863986662375677,1.9891305101741967
1.0766212816029128,0.9083239462580884
2.8194277543581796,2.2895884065434267
1.6229303509201771,1.4147902403630939
1.0984037040609946,0.6909306351159372
2.2976805486406855,2.737929097008874
0.0,-0.06323960430289641
2.212993723334198,1.863451813363438
1.765534746362977,0.7392041655485755
2.3074285251922477,0.971067545159821
-1.5215371205795227,-0.2664764894588148
0.7369655941662066,0.3768921601882177
0.0,0.15057734213817564
-0.3219280948873626,0.09661907998446972
0.8639384504239711,1.100674004944529
0.5405683813627027,0.03395586143903699
0.361336479445598,0.4241661340463543
0.10691520391651199,0.6577519659780913
2.0356239097307216,1.3757090003246237
5.151309323274965,4.213985848222403
1.7589919004962051,1.3181513089743657
2.9360369412680347,2.8841024904919017
-0.2801079191927349,-0.5190848325576386
6.199672344836365,6.387573968596868
0.4995710094905119,0.6059535618925027
0.6674246609131291,0.11883468907109884
0.6322682154995132,0.9944317811819695
0.14684138832927118,0.8552310497224868
-0.2115041051937121,-0.5676238788112613
0.22239242133644765,0.7754912836789482
2.596367263993405,1.7166054046324684
-1.8531586116707288,-0.5161455829809807
-0.768184324776926,-0.1379095215078081
0.0,-0.9975141762811002
1.7589919004962051,1.2012460792029176
0.2995602818589078,0.509997471521968
1.1699250014423122,0.47337558502130345
0.11103131238874386,-0.0020851778396532294
5.954196310386875,4.260480794119833
0.6780719051126378,0.6475100197529046
2.0356239097307216,0.8821123105153905
-1.3667823306716231,-0.9309481193926016
0.2954558835261709,0.14102271590929402
1.6974372299795686,1.856163700470968
0.06926266243711332,0.7531201201885243
0.9663168737437111,1.2882035900016833
-1.0641303374197157,-0.9463685475575806
0.0874628412503391,-0.24055219891176316
-1.0506260730699677,-0.05233386804325946
-0.10691520391651199,-0.5864966027471754
-0.19264507794239583,-1.5688950361722296
0.16046467219324612,0.2313538624107101
1.0000000000000004,-0.01585799779529964
1.054447784022376,0.9334180907194781
1.0740005814437774,1.8491645709835316
2.635588573791124,2.390859747082535
0.3448284969974411,1.4815686260891279
2.206450877467427,1.9270477549525256
1.8073549220576046,1.6617343505595663
-3.1497816176464823,2.4681114374429605
0.0,0.3282779564563115
0.8650704199138914,0.8861895938457276
1.415037499278844,0.6943985878150015
-0.029146345659516015,0.8311513740337155
1.5525410230287786,0.7528789484889936
0.5849625007211561,0.4437183543258208
0.056583528366367375,0.5466800238463373
-1.7776075786635523,-0.5770160673788568
1.3504972470841325,0.3501542113592364
6.199672344836365,6.235789752572602
-0.6100534816839867,0.3100987500367556
0.485426827170242,-0.03211986616650209
0.0,3.594571684075242
4.936637939002571,4.883615187598141
0.5360529002402101,0.8585492088134355
0.6291623046316914,0.6159238119274327
-0.6280312226130418,-0.9070991308290219
0.4947646917495776,0.12051700225673947
0.7842713089445628,0.7612511671275437
1.087462841250339,1.704605221347381
-1.1312445332782524,0.0016590281606119238
-4.253341009629951,-1.2828679697977896
0.23132554610645517,0.37400107177830366
3.4037221860510094,2.5358605205392717
0.6780719051126378,0.002296674906447249
1.1699250014423122,0.45029078775002523
0.0,0.07851761079073946
-0.04580368961312509,-0.1338587299307039
1.415037499278844,0.9177311564116031
0.0,-0.9725474800023514
3.966391607357181,2.6019197573994894
-1.85466063683596,0.3330886557852914
1.054447784022376,0.14968611426208933
0.0,-0.9366534661976043
-0.13326653086346418,0.5256429941943366
1.2106019777547647,3.8422683280392946
0.3048545815284216,0.6835456255847694
1.211504105193712,0.17597509426728059
1.6322682154995136,1.3577560727986984
3.2882449686310733,2.6307198436000787
0.0,0.06497360233696903
-0.9840584561309784,0.531032942383943
0.4854268271702411,0.10697299380296904
-3.716207033999409,-1.298515051260184
4.121015400961365,2.5550125327799105
0.4854268271702411,0.33709837158875366
0.6780719051126378,0.3318846030759517
1.0297473433940523,1.6001970547363373
0.19930880822340669,0.43756169636832976
6.742692205193163,4.2144014832155925
0.7369655941662066,0.43674901934114396
-0.8930847960834876,0.21979085121537034
-0.599462070416271,-0.10985389292842021
-0.7104933828050148,-0.23588185687906504
-0.24100809950379487,0.09098708913911191
1.3136604789037616,2.4899351169193347
0.9289169019385177,2.1208467963297455
0.6374299206152916,0.8596364308712727
-0.44057259138598104,-0.6943235877522402
-2.459431618637297,-0.9924831233409854
0.0,-1.0878220751024854
-1.3112016882943038,-0.1146897299614968
1.1699250014423122,0.3907181723001749
0.6322682154995132,0.9870915553987069
0.739848102699328,0.7240216302032741
-4.105534414172357,-1.702097516093615
4.750771393691236,2.4754040240484882
0.16046467219324612,0.1658967146267003
0.6322682154995123,0.20413322691551528
0.5525410230287786,0.8382444851656797
-2.342392197447078,-1.0825609862398058
0.5849625007211565,0.31093710720529216
0.8073549220576046,1.3189173683223758
-0.7725895038969268,-0.23009704859296715
-3.3484003062485534,-0.5137877609950547
0.5405683813627027,0.6397340259761519
0.0,-0.022234613825137167
0.06926266243711332,0.7662884144528969
0.19930880822340669,0.43267042720735527
-0.04439411935845339,-0.022328676193214353
-0.21299372333419786,0.9908904730923128
-1.0506260730699677,-0.08429448353587721
0.7182290315846203,1.5162874648303621
1.6280312226130418,1.4785596551487439
0.0,2.1645985310044646
1.6559290220752994,2.4976986331818307
-1.880418384247327,0.43747474217727417
1.4505797647413612,2.998644585683637
0.0,-0.19873157773075584
0.5145731728297585,0.89651335272298
-0.10893437155316477,0.7321025426157541
2.415037499278844,2.372136493808783
3.5138794026596747,2.272057643766481
6.742692205193163,3.5480813645571594
0.5849625007211561,0.4215935249464406
1.8345763907926278,0.5502207943248614
0.0,1.5543744667758699
0.0,1.6076072025760175
0.0,3.181179502937158
1.6322682154995127,1.1467774847958014
1.4947646917495776,0.6516442832818432
6.5016841056893675,4.099396741036147
2.7369655941662066,2.2931940156342323
0.22948184612276723,0.11846931711965913
0.3131578852596304,0.190128475013834
1.6322682154995127,1.4582898176807186
-1.506959988719883,-1.2696523373616901
0.7842713089445628,0.8013861156169202
-1.4594316186372973,-0.9938367600481309
0.6291623046316914,0.4159819613793311
2.0703893278913985,2.3800150140135194
-0.13750352374993513,-0.8540050831221772
1.0473057147783562,1.4000697881013147
1.6322682154995127,1.581548133030276
0.0931094043914813,0.9579611336871201
0.0,0.5091662404150795
-1.1312445332782524,-0.1384025416137262
1.6280312226130418,1.3263995230329515
0.7533600324168752,0.5525206761993642
0.8744691179161412,0.6932790966561502
0.0,0.42546091130242214
-1.4551946257508268,-0.16683314776981667
0.4150374992788448,0.911782132575265
1.0703893278913985,1.3791746028557248
0.2479275134435852,-0.031448353667568485
1.3575520046180838,1.9741057508161588
1.4947646917495776,0.8878350326713595
-0.5405683813627027,-0.4109368607689984
-0.37851162325373,-1.561144169348891
0.6951454184715784,0.8404382824268748
1.7328079686925504,2.701745420278492
3.7425037777076358,2.823270730007824
1.765534746362977,1.4199424504329277
2.299560281858908,1.9286453587711252
-0.04580368961312509,0.5938986281818123
1.415037499278844,0.8511723583132683
0.10691520391651199,-0.4787563547639784
-0.2801079191927349,-1.318563996171578
-0.09019780897157847,0.34654984675961387
0.0,0.3524360547400527
-0.13326653086346418,0.3691088244254642
0.25929200414797826,2.98165959126252
4.851749041416058,3.6136962247257864
-1.1699250014423122,-0.16196062971241654
-0.8624964762500653,-0.45038264566491915
0.3048545815284216,0.18169113337120182
1.782562460606317,3.3147599377680206
1.3575520046180838,1.0095687810331437
-0.16175106999661182,0.006050269749491129
0.10187961401921353,0.4937883167000309
0.5618788876081142,1.3199132295610827
6.742692205193163,4.131626936616889
2.7880543660986685,2.97948372844906
0.061776197586690174,0.921366698497543
0.6780719051126378,0.41331628158119016
0.0,1.0333331686344212
-0.7045441164738291,-0.10244617872804679
-0.03394733192333721,0.6642445358021459
-0.5849625007211565,-1.2068409076785334
0.0,1.9724233633529966
-0.20645087746742652,0.04756270132702678
-0.3785116232537291,-0.7216793229766116
0.8073549220576037,0.0797804111716091
-0.2801079191927349,-0.6342258993638876
-1.3575520046180838,-0.24477335844287285
-1.0588936890535683,-0.8971012114314751
3.0,2.992648079990676
-1.506959988719883,-1.480546149193362
1.8345763907926278,0.9885236811522883
2.4069641987431627,2.2507818558228636
-0.599462070416271,0.031220668645262267
1.5405683813627027,1.5845571582410631
1.1375035237499351,0.8956660535353265
2.0356239097307216,1.278404980432431
2.0443941193584543,2.6076909400863677
0.5405683813627027,0.3055194348150342
-1.2439255828860896,-0.638761194631579
-1.1053530001462288,0.9096258980247233
0.0,-0.5720125063303028
0.8073549220576046,1.2633656633242527
0.0,0.294855933793571
-4.105534414172357,-1.8382340076970005
4.750771393691236,2.7720506206456115
0.18641312423088152,0.05888068470248015
0.24100809950379487,0.7901825603201604
1.8639384504239715,1.2393514464597037
-0.14438990933517548,0.16652788845840538
-1.0324214776923775,-0.26316827167622137
0.9541963103868758,0.8572919358064091
0.7964666059148682,0.26690576387448317
-0.15241523315386374,1.3315345242646035
-1.4947646917495776,-1.1996291431283435
3.7425037777076358,2.7868741470963583
-0.25153876699596367,0.143854957940313
-3.1565044856799904,0.6521956758996433
-0.23446525363702353,-0.19924279825737723
1.0,0.8484377963059293
-0.08488889758651297,0.07591868127528954
-0.3785116232537291,-0.5692940219318348
-0.19264507794239583,-1.5089916223212603
1.1069152039165115,0.3938654552211927
-0.21299372333419786,0.9756613249834736
-0.547487795302493,-0.377457228013683
1.6280312226130418,1.719567532798747
-0.10691520391651199,-0.6402531226850745
0.6280312226130418,0.6404096046006634
-0.5052353082504224,-0.041381836243698296
1.4505797647413612,3.307192760346202
0.07800251200127306,-0.35830441835913285
-0.20645087746742652,-0.0270684929552778
0.925999418556223,1.0659381174504894
0.5145731728297585,0.8820602666961203
-0.09019780897157847,0.001565577269755064
0.691877704637669,0.48570876824198445
1.7655347463629765,0.4323845254286604
0.9306607959260855,3.6764854262659297
1.054447784022376,-0.334740940442225
1.472852134399619,2.5074490947640466
0.43063435432986186,0.3105559342050672
0.3448284969974411,1.796719356511132
-0.2995602818589078,-0.07500038903067938
0.900464326449085,-0.17188444660047447
0.24100809950379487,0.8949173183462985
0.900464326449085,0.9739587017639977
1.8073549220576046,1.541040887897924
1.6229303509201771,1.373869655962421
-1.7589919004962051,-0.30928243887207113
2.529253068134868,2.7321667116871007
6.06216882108643,6.259524649202134
-1.704544116473829,-0.12618795262349394
0.5849625007211561,0.2548029017252345
-1.7776075786635523,-0.703968769116569
-1.669851398307669,0.0620770792650539
1.3504972470841325,0.2017919550070121
0.900464326449085,-0.04475219437245856
0.4854268271702411,0.9466256054704703
0.34792330342030686,-0.4969291722528357
5.614709844115208,6.463636794411933
0.8845227825800648,0.8285653010520624
0.9541963103868749,0.8005037135929817
-0.13750352374993513,-0.604102109057228
0.5849625007211561,-0.17649397292288294
0.6918777046376685,0.6812205664944357
2.292781749227846,1.812304699734672
2.4232114307245443,2.3089311200304747
1.0473057147783562,0.47035198123294
2.9068905956085187,2.7895712567067923
-1.506959988719883,-1.2798373766426936
0.04306872189188571,-0.20341083878664967
-2.8137811912170374,-0.5546289891436651
1.7127180479195294,1.1666292547781056
6.114660982580121,4.375339964514881
-0.12553088208385876,-0.06352710692350763
1.3219280948873626,2.067909188961072
1.4854268271702415,1.6249581493351326
0.0,-0.1200642134968955
1.1699250014423122,0.6687845871520931
0.6026645024546156,0.13972375990033184
1.0,0.6220833523431013
2.0,1.8974785230077065
-0.12553088208385876,0.2550901095768786
1.765534746362977,1.388057772072714
-0.04580368961312509,-0.09439275251810916
3.4474589769712214,2.6289446832837187
5.714245517666123,4.704323919447313
0.4651227307151524,1.8589775441168703
1.3692338096657188,0.5914330281184528
0.0,0.8821510421230153
1.502500340529183,1.299810481204633
0.361336479445598,0.4851346666506806
1.0000000000000004,0.6956733151280174
3.5849625007211565,1.8032143108917305
3.5405683813627027,2.0797106549820885
-0.025686643663648923,0.340888058712079
1.6322682154995136,1.2938103715305438
5.714245517666123,5.791824098053094
-1.8981203859807865,-1.064939472603604
0.0,-0.07891430541343575
-1.1332665308634642,-0.3726490524246226
0.4854268271702411,0.18584037604918974
0.9569312781081143,0.6359156184166429
3.9835118772114306,3.030653965813748
1.7655347463629765,0.7916594058557098
0.0,0.4357343957525794
2.7880543660986685,2.76487683973549
4.266786540694902,3.244337635446876
-1.8073549220576042,-0.7159803096455273
2.2976805486406855,2.6098551089181337
0.23446525363702353,0.7507355602486481
1.0000000000000009,0.9820463314500986
0.19930880822340669,0.4788784578969919
2.212993723334198,1.8417940360255916
0.24100809950379487,-0.29360564912767906
0.7842713089445628,1.6031857183486895
1.6322682154995127,1.0687458783018782
0.8639384504239711,1.121294863252685
-0.4854268271702411,0.4291103045526583
0.4195388915137839,1.5327120958713412
-4.832890014164741,-2.037806122806113
2.4069641987431627,2.163808429646701
1.5405683813627027,1.6410870068416719
0.0,-0.6229977549964243
1.7589919004962051,1.516796331970276
-0.45720695352278273,-0.02676844712304605
0.0524674198941355,0.10925330653143653
-0.2801079191927349,-0.3293093870169296
-0.5849625007211561,-0.09732003001273615
1.045803689613125,1.2324451675513222
1.0931094043914813,1.4410288387992132
1.4947646917495776,0.9426394445743693
0.7484612330040363,0.6671972822466067
1.087462841250339,1.6909703829136438
0.9541963103868758,0.8662465994512981
0.5525410230287786,0.8172341662833968
1.8345763907926278,1.5878070250499368
0.7884958948062879,0.8005079950172612
3.7425037777076358,2.8843483611505514
-0.7725895038969268,-0.29806247609126124
0.7884958948062879,-0.09486389710819343
5.351675438281415,5.237552561560768
0.5618788876081151,0.13967225589492505
-0.362570079384708,0.004063454969529312
0.12553088208385876,-1.0910390691915697
0.47643804394298694,0.4810448513081119
0.4768136968655341,-0.20028217586720565
-0.12553088208385876,-0.31946767851909064
4.764286200165719,3.831889279370653
-0.10691520391651199,-0.7021464796657584
-0.19264507794239583,-1.7938752028987892
1.4505797647413612,3.38394927287901
0.0,0.1454609545379679
0.16046467219324612,0.2318836934434938
1.3692338096657188,0.48786372219688456
0.4680447489420061,2.367308943866445
0.485426827170242,-0.3116187688650851
1.2537565922457827,0.6031036718064112
2.415037499278844,2.3102260758689477
1.352301743930881,1.49233692764848
0.4150374992788439,0.74461970225293
3.1813297647145613,1.5957783250626567
0.13750352374993513,-0.005977280574925602
3.4069641987431627,2.245503277581481
-0.2995602818589078,-0.4510565348001234
5.529820946528696,3.5087705646908924
0.0,1.5693007431946526
-0.497499659470817,0.39594617200321947
0.24100809950379487,0.59797964695638
0.485426827170242,-0.9342796700569003
0.400537929583729,0.21192607693268067
1.0159415438690216,1.2342250379244881
-0.6100534816839867,0.267103599380065
-0.3818706353436445,0.5219611118831003
0.4150374992788448,0.8572591466103505
0.0,1.3286585061770717
0.3131578852596304,0.18341999871986478
-0.362570079384708,-0.4332410209747891
2.0752881273042374,0.9571847625294694
1.8073549220576042,2.29156458090291
1.7127180479195294,1.2165397485099776
-0.4854268271702411,-0.8327416946642284
0.4474589769712214,0.3988282372580859
0.8345763907926278,1.0317100906860341
0.9541963103868749,1.0162207535184713
0.09953567355091453,-0.00650531726910375
-4.253341009629951,-1.5205512768836988
1.0,0.5267878764572941
2.1658088929700803,2.618347391642879
4.821160721582635,4.784748572335716
-0.37851162325373,-1.4086960872887413
0.0,0.05545986573003925
-1.0,-1.0500318437367013
0.12553088208385876,0.4500733656750333
0.6780719051126378,0.05225297038267307
-0.3677317845004868,0.2649457366610419
0.5405683813627027,1.1147209239162748
2.678071905112638,2.191907120737502
0.10691520391651199,-0.49050313494820397
0.6023445789493929,0.8563546855402311
0.10187961401921353,0.23251576705066168
-0.7224660244710908,-0.14730041226135
-1.0000000000000004,-0.854179621624772
1.280107919192735,1.2674407758676318
-1.1069152039165115,-0.8116675790129659
0.7198920808072646,0.4053070379067172
0.06711419585853662,0.4797773558076759
0.8744691179161412,0.587332552037877
0.44057259138598104,0.750359780916046
1.2931963763440457,2.40487629352822
3.9835118772114306,3.186076342483057
1.6322682154995127,1.9276180307539303
-0.485426827170242,-1.5155573083189375
0.9759143814756879,0.6937994270890666
-0.4150374992788439,-0.2539587270108994
-0.44057259138598104,-0.5690373534533164
0.23446525363702353,0.7280999261008936
0.7520724865564148,0.36575851508677143
-0.4043902550793357,0.0460092686449315
1.9142701259741162,1.5477909109557606
-0.28950661719498516,0.40106143991953114
1.9685041470707585,4.720610750143802
1.2223924213364477,1.4350798235408266
3.0,2.3045282817678094
0.8639384504239711,1.0438232782651105
0.5405683813627027,0.04677687966566219
-1.506959988719883,-1.5348990470982038
0.9541963103868749,0.7987198860777984
0.10691520391651199,0.453686145455271
-0.44057259138598104,-1.023813075830801
-0.19264507794239583,-0.1785893978065618
0.6780719051126383,0.4672398905430765
4.851749041416058,3.322053723304851
0.925999418556223,0.024114303800567116
-2.8744691179161412,-1.8908220406446057
-1.624490864907794,-1.3585342885188956
2.155278225477911,1.86311359580554
0.947532580105864,1.0274634691757802
0.6322682154995132,1.0252999458888052
1.7655347463629765,1.5373197598666846
-0.19264507794239538,0.48546813999733707
-4.105534414172357,-1.821087380124173
2.0,0.351396556116514
1.8639384504239715,1.2221681212911757
-0.5145731728297585,-0.38285781410206265
0.0,0.13436415910539276
1.2444187276664471,0.5798386962786187
0.5525410230287786,0.7103565020151108
0.6291623046316914,1.2760330800010302
0.547487795302493,0.9910231482061546
1.3692338096657197,1.4086941356553249
0.0,0.2754777795797829
2.0356239097307216,0.9235658084077976
-0.25153876699596367,0.12405996536656631
0.0,-0.270673702673329
5.228818690495881,3.6133846003773264
0.6780719051126378,0.4170979711232047
1.2537565922457827,0.7628832805243334
0.5272470028648693,0.9858792253709018
0.0931094043914813,-0.38183323840295547
2.2143191208007664,0.8234254865282561
-0.08488889758651297,0.16190653214747475
3.0,2.773097499923086
0.4150374992788439,0.5480179006187951
-0.09019780897157847,0.11124822720742955
3.7425037777076358,3.3287621172395525
0.8845227825800648,0.6569817504118863
1.1813297647145617,1.841532146161942
-1.432959407276106,-0.831795966912279
0.5849625007211565,-0.1941964464955263
-0.3219280948873626,-0.38874022755733245
-1.7776075786635523,-0.533880224907924
1.0159415438690216,1.167230533950424
0.8573956045572002,1.0076572124501673
0.485426827170242,-0.22892480264267534
0.34792330342030686,-0.6548988970637586
0.0,3.3697259311024204
-1.8402195559632313,-0.5915776131046363
-0.24227584566699711,1.6930975487520081
2.292781749227846,2.0245998780173657
2.0703893278913985,2.11219955963878
0.5431423250265288,0.8200343719939314
0.6918777046376685,0.08521470445290114
2.9068905956085187,2.6415561721673253
0.3719687773869582,-0.07338841156072695
0.0524674198941355,1.206250068536959
1.087462841250339,1.715564701071557
1.387023123109247,1.5696073691619865
0.0,-0.0710574536324528
-1.9634741239748865,0.006224115148859455
0.26303440583379434,0.018108965080342654
-1.0506260730699677,-0.9079587953244191
-1.7041342016988343,0.14248384728653513
-0.3575520046180838,0.5944884671574888
6.199672344836365,6.814288767323815
-2.8137811912170374,-0.5171227150449564
1.2630344058337948,1.1383692082171644
-0.5145731728297585,-0.48776888119180284
-0.16992500144231215,0.36216038378245274
1.6280312226130418,1.7689326512248957
0.5272470028648693,0.5930084177330732
1.3575520046180838,1.8886264109069186
2.1658088929700803,2.6581581611388203
1.0761716804854045,2.9011040318706116
-3.6304771599735246,-1.8544335668183378
1.1420190048724281,1.6543619078059124
0.7884958948062879,-0.3739213586391321
-0.09019780897157847,0.26744999096509653
5.954196310386875,4.014557053867258
2.0752881273042374,1.0643523547195355
1.3479233034203064,1.3012808522598698
1.865070419913891,1.3100796480965728
-0.3219280948873626,-0.7432414362717846
0.06711419585853662,0.541335827055789
2.152275274379898,3.15746758607522
-1.912537158749661,-1.0998597742037945
-0.2115041051937121,-0.05019975163690993
1.2931963763440457,2.5298308692690856
0.9541963103868749,0.7576324646670662
2.4863986662375677,1.6723752230739626
2.2976805486406855,2.747773552445172
-2.057715497856287,-0.1257319568315434
1.9142701259741162,1.4759245014735431
2.350497247084133,1.8987279577355136
1.1255308820838597,0.8233372253802682
1.4594316186372973,1.4136058869587251
2.3074285251922477,2.602862140852149
-0.7369655941662066,-0.49919767480517385
-0.599462070416271,-0.07549429042981068
1.4069641987431627,2.2469540933492205
-0.19264507794239583,-0.02529042789636926
-1.2439255828860896,-0.5517630066167043
-0.2801079191927349,-0.49999457388180846
0.6629650127224291,0.07766964776603902
0.15488560197817147,0.8410977561622424
0.09019780897157847,0.5215014434838222
4.750771393691236,2.5407735938275247
1.054447784022376,-0.35121476970249776
-0.04182017569462726,0.28908884702276433
1.2444187276664471,0.5835538987371486
0.485426827170242,-1.1898788242082365
-0.362570079384708,0.10949543706647602
-0.2223924213364481,0.6523896992491541
0.3923174227787607,0.4215679507190518
1.054447784022376,0.5264008749216884
1.4329594072761065,2.564543975781617
0.2995602818589078,-0.8200857217514164
1.0931094043914813,1.4055240252292842
0.0931094043914813,-0.4114290336565303
-1.1053530001462288,0.9284877456464911
0.34792330342030686,0.11077516567052559
0.0,2.051768238827275
-0.10691520391651199,-0.8598285949417754
-0.5052353082504224,0.05902420648382062
0.0,-0.08363937293974988
2.415037499278844,2.2040394120140725
0.24100809950379487,0.20451464061505775
1.6918777046376685,0.7518313551844112
0.13750352374993513,-0.036374639368433576
3.4069641987431627,2.3678844330626
0.6780719051126383,1.5543141222782193
2.206450877467427,1.8082486569265492
0.10691520391651199,0.0195844483472023
1.6229303509201771,1.4809163802367227
0.0,-0.18808247430360386
0.7631080089684374,1.9196162608329015
0.1154772174199361,-1.1297943923510845
6.199672344836365,6.32010435552047
-0.8813555035013811,-0.5550545295458905
0.8981203859807865,0.6402332684789341
0.0,0.4885893820547399
0.4947646917495776,0.44651653424041815
1.1255308820838597,0.49242276891156445
1.0766212816029128,1.79234229015699
4.821160721582635,4.780021870151088
2.9068905956085187,2.791747735508349
0.0,-0.47864312423294997
0.5618788876081142,1.4356349147131535
3.3219280948873626,2.198881045913774
1.1069152039165115,1.0844019324097718
-2.8137811912170374,-0.7440088189224796
0.23132554610645517,0.5041206069363464
0.0,-0.309973440617898
0.2995602818589078,0.6703063352741969
-0.16992500144231215,0.4991109097913974
1.3575520046180838,1.9575812446589105
-0.4854268271702411,-0.8542137455359133
-0.2223924213364481,-0.8401814016863453
1.387023123109247,1.441843350468498
0.13750352374993513,-0.4581502044749694
2.415037499278844,1.123389117987586
0.5405683813627027,1.139515321612197
0.24511249783653177,0.2866793735469734
1.1069152039165115,1.5887589187758508
2.299560281858908,1.8537921974589828
1.4854268271702415,1.0980193659371917
-1.432959407276106,-0.9798519360286018
1.9685041470707585,4.690833665890759
2.0752881273042374,0.9773926281343018
1.054447784022376,0.263275005008912
0.24100809950379487,-0.3588846053848742
3.5849625007211565,1.5396553005326723
-0.07155326102503334,-0.06861562071952963
3.5405683813627027,2.278449973813003
1.6780719051126378,1.229509548189794
2.5226437243250137,3.1758887597203262
0.7198920808072646,0.3666637910607251
2.152275274379898,3.3277383638541873
-2.20013961448932,1.45096542943761
0.4854268271702411,0.0982132036788969
0.20645087746742652,-0.08663158458769057
-0.26303440583379345,-0.4004121415816373
0.0,-0.29427951015231196
4.121015400961365,2.39476847509457
0.6322682154995123,0.12483501080029658
1.4474589769712214,1.345577520968756
0.0524674198941355,0.12351512871079555
0.7589919004962051,0.36041028245737106
1.0297473433940523,1.5664217428715461
1.1822033312207498,1.24929863123014
-0.055141554192460696,0.24459182287217868
0.0931094043914813,-1.0867415595167766
2.350497247084133,1.792368298058613
6.742692205193163,4.325035531421111
0.7842713089445628,1.6854349964722168
0.8073549220576037,-0.03811920131535201
0.0,-0.6990394426327388
5.266786540694902,3.0155320981954645
-0.7369655941662066,-0.4553910712732469
1.4069641987431627,2.4179085031313954
1.8744691179161412,1.7632450824133858
0.6374299206152916,0.6657296484605195
2.0356239097307216,1.3129561356874475
-0.19264507794239583,-0.03272132040785447
1.4012239239101554,3.072124343599212
0.0,0.5621533934745013
2.9360369412680347,2.7319306554970213
-1.415037499278844,-1.4876683691357555
5.529820946528696,3.8195070729130176
0.4995710094905119,0.6141218027228448
0.6674246609131291,0.39586860895183673
1.9757524537533229,-0.08363217562007963
1.1805722456418204,1.2531391714631712
-4.105534414172357,-1.4392520969276146
0.485426827170242,0.36448902463353905
0.0,0.3406248212971369
0.22239242133644765,0.7072102628329162
1.4947646917495785,1.3526796583760874
0.0,0.06899102591869298
0.0874628412503391,0.09704970787982507
-2.4208431209600496,-0.42790194609113125
-0.362570079384708,0.13568019972137502
-0.7725895038969268,-0.30318395867950765
0.15200309344505047,0.325031680628369
0.44057259138598104,-0.41720811131100344
-3.1565044856799904,0.6875760727000629
0.24100809950379487,0.20477495918386968
-1.1053530001462288,0.868611160239442
0.6214883767462704,-0.4151854006611899
1.087462841250339,0.4383114934203379
0.5525410230287786,0.022548649982104072
1.4505797647413612,3.349536871631613
3.0,2.9101095381138187
1.3692338096657188,0.691664280031839
0.361336479445598,-0.1478625044994842
2.292781749227846,1.8026533312160895
0.1154772174199361,-0.932541568256917
1.0740005814437774,1.7805364754874995
-0.37851162325373,-1.2630971555002635
0.33703498727757175,0.6992452782721169
0.0,-0.7127588140990999
0.10691520391651199,0.013689239209255355
-0.7725895038969277,1.4846078490537453
5.529820946528696,3.4139608603270606
2.529253068134868,2.6038908325403503
-0.3677317845004877,-0.24737254758836924
0.44057259138598104,0.23541467541481342
-0.5849625007211565,-1.3410654146223764
-0.1643868179008816,-0.9581586525055167
2.0,1.161520489352474
-0.4474589769712214,0.23986192665357475
0.0,1.3928478224327985
0.0,-0.8836736201320525
1.1699250014423122,0.7696674354941808
-0.7104933828050148,-0.9552464980054685
-0.6629650127224291,-0.021441860854852113
1.1375035237499351,0.819676812973742
1.2223924213364477,0.8961392120255673
3.3219280948873626,2.372900763980475
1.1069152039165115,1.0668023784042353
0.23132554610645517,0.5893855107560882
-0.5145731728297585,-0.48638489118354844
-0.8744691179161412,-1.1457504164274883
0.0,-0.7126147790140664
-0.4150374992788439,-0.2776031159879062
0.0,0.6029849142412002
0.13750352374993513,-0.4634668656826663
2.415037499278844,1.0356391106839742
0.0,-0.04733798458249899
0.0,-0.22491100556953514
1.1069152039165115,1.5395922353479488
0.7884958948062879,-0.49420593955630143
2.0356239097307216,1.3285274943447365
0.4651227307151524,1.7411765289316952
6.06216882108643,5.451326878116735
0.24100809950379487,-0.3667378762109179
1.9601072728764866,1.3905788689769212
-1.85466063683596,0.35857084295471076
-0.5849625007211561,-1.194947380546259
-3.856137295143885,-0.37344143476775166
-0.07155326102503334,0.13906631429516525
-0.793549122532573,-0.12838195979861924
0.3048545815284216,0.4615614867117134
-1.1069152039165115,-1.089027505679139
-0.8624964762500653,-0.49581622928554303
0.9306607959260855,3.744349688388632
0.7589919004962051,0.9126950454920898
1.0000000000000004,0.8466588443919411
-0.26303440583379345,-0.26752694569479796
-1.912537158749661,-1.0822110185761034
1.3320760502634448,1.525740235952491
1.6322682154995127,1.8394426483708968
0.0,0.6505689097789046
0.061776197586690174,0.9231235325232687
0.7589919004962051,0.2639330455791437
-0.3219280948873626,-0.4242617214251429
-0.7369655941662066,-0.9402431267337565
-1.6844981742720706,-0.6313748781467609
0.5405683813627027,0.08730522147760465
1.2537565922457827,0.8251970164531692
0.0,2.253420474426604
-0.3219280948873626,0.5793084325894682
0.9541963103868749,0.7749510283602749
-1.2439255828860896,-1.1069181595530813
1.6780719051126378,1.1374071293095231
1.6444635124698186,1.2064350310464986
5.151309323274965,3.803052667676884
0.8624964762500653,0.8271925570443585
1.7190991733726917,1.7295087109930967
0.8073549220576046,1.3975430561050206
-0.19264507794239538,0.3828595512450004
1.8639384504239715,1.1763862394945783
0.09621531525930305,-0.15563901823686066
-0.362570079384708,0.1858236346147908
0.0,-0.08412131417178237
0.4150374992788439,0.20437574403492995
-0.7725895038969268,-0.19667719238972423
-0.5145731728297585,-0.5243226135165882
0.0,-0.5831798118189785
-0.23446525363702353,0.026848928266879128
0.6520766965796931,0.32817837389032933
1.9754776808659313,2.916579961910523
0.47643804394298694,0.5075445980892103
0.4768136968655341,-0.30375247666101257
0.8744691179161412,-0.44849379560389235
-0.14438990933517548,0.2535775238723301
1.6322682154995127,1.6047929403815901
2.0752881273042374,1.2777367113581004
1.865070419913891,1.3427393995639525
1.2976805486406855,1.3714032663929445
0.42968427524324504,2.3625146000435904
-0.10893437155316477,0.5782930772325671
-0.3410369178350665,-0.3812427656471827
-0.07400058144377741,-0.11202572421610114
0.6374299206152916,1.0042875987033564
1.054447784022376,-0.7697949211931772
-0.5376567859427999,0.5921157078333397
-0.8395353278067539,-1.194119793397389
2.206450877467427,2.0302911809976503
-0.14684138832927118,0.7564111844431789
-0.04439411935845339,-0.07562314591688446
1.3598959450863832,1.2040289405434348
1.6571122864769916,1.8654255791524323
0.5849625007211561,0.02113530203646822
0.7062687969432897,0.49749147764921314
0.4150374992788439,0.4174864621755149
0.0,3.927098847823445
0.22948184612276723,0.12961553940590226
-1.8402195559632313,-0.4870641496509171
1.7127180479195294,1.2351479921418784
-2.1413558492455413,-1.071201591972729
-0.19264507794239583,-1.2192242422630242
0.0524674198941355,1.233244870161306
0.6026645024546156,0.3709279022982151
-1.4525122046975065,-0.6032381636369949
0.3219280948873626,0.5535477470841808
0.09953567355091453,0.07101715087568006
0.0,0.5014007221560279
0.23132554610645517,0.47519008867916157
3.966391607357181,1.1201596439406392
1.2630344058337948,1.2153473244485296
0.2995602818589078,0.5600576089649328
2.0703893278913985,2.435313499250893
0.5272470028648693,0.4758808152754424
1.4947646917495776,1.1892718973075507
1.5808463922489242,2.585496106706899
1.4947646917495776,0.6051742723003862
1.1255308820838597,1.2229743860751947
1.765534746362977,1.3901466896809938
1.0703893278913985,1.8027817637382682
-0.6438561897747244,-0.12307421769099869
0.5405683813627027,0.06436691243312453
-0.3219280948873626,-0.0814817306249116
6.06216882108643,5.532504506007477
0.8479969065549495,-0.1224246177450504
5.151309323274965,3.4967324011644494
0.0,0.4940567065924711
0.0,0.3824463510722562
-0.4150374992788439,0.2730670212617826
1.3692338096657188,2.1968951114274877
1.0,0.43914841948065514
1.2537565922457836,1.2756738830082923
1.2537565922457827,0.8219854184168268
0.0,-0.9046093825508432
-0.8624964762500653,-0.3650751018986107
6.199672344836365,6.440490313698343
-0.02046410255971587,1.4657701920343462
0.0,-0.2587505598296072
1.2444187276664471,1.7812051149601142
1.7264349266740364,1.477725609115255
0.485426827170242,0.47715027875519456
0.8479969065549495,0.47903343990487995
-0.584962500721157,0.2762375736553869
0.9569312781081143,0.6579132755192684
-0.6280312226130418,-0.03793541444518926
2.0,1.3557744910887783
-0.4150374992788439,-0.34505257090087205
1.5126482959052652,1.4395506368538753
1.6229303509201771,1.4780362609058342
0.0,0.07720473151997953
2.2976805486406855,2.5948973957669788
0.6780719051126378,1.6222300719196685
1.9142701259741162,1.377736121703408
0.613645255425241,1.8903484480934956
0.4947646917495776,0.31547824239474953
1.214124805352848,1.2619565822016034
3.355480654598389,2.238053847768687
1.3479233034203064,1.7550683265660396
-0.5849625007211565,-0.4060852394412471
2.415037499278844,1.7973158091726047
-0.7104933828050148,-0.5181090252329812
-0.07038932789139807,2.165334211154575
0.6374299206152916,0.9932231067326026
-0.44057259138598104,-0.8899434452992223
2.0356239097307216,1.3969315086965137
0.7842713089445628,0.8076697225505161
0.5405683813627027,0.3464706039334535
0.24100809950379487,-0.2653934907223552
-2.8744691179161412,-1.9123620846777527
1.0766212816029128,-0.29453287981552034
0.6918777046376685,-0.032054482222090744
5.521600439723727,4.975572842676144
0.0,0.8494485758538767
1.295455883526171,0.4234930843033101
0.0473057147783571,0.557510087864964
0.07038932789139807,0.7902977240546756
0.09019780897157847,0.42477865741683146
-0.19264507794239538,0.4499895630697691
0.485426827170242,0.3094495746390149
0.5525410230287786,0.8193274317462181
1.0671141958585366,1.427430620679871
0.3923174227787607,0.534835039972323
1.9757524537533229,0.6330402471708244
0.4329594072761056,-0.04944480126375915
0.0,1.3432206086723417
1.8826430493618416,1.3185767546644709
0.0,0.14673018355556988
0.5272470028648693,0.5757795377759801
0.0,0.9213889202633375
0.6214883767462704,-0.45812718371722383
-0.14438990933517548,0.26615766513935846
-0.6100534816839867,0.3503028571025222
3.0,2.697468759955716
0.925999418556223,1.0097695620196454
0.4150374992788439,0.46197527236520597
0.5145731728297585,0.9366247848691843
0.0,0.26073438409846816
1.352301743930881,1.5961442445980598
3.5138794026596747,2.4144154050915994
-0.8744691179161412,-0.7547707513144373
0.8650704199138914,0.7180619954699229
-3.1497816176464823,2.244324855883081
0.8650704199138914,0.9761047706625765
-0.3677317845004877,-0.22589185789612695
-0.32192809488736174,-0.0946388599836491
6.06216882108643,6.2008190626415605
0.4150374992788448,0.9440566878871037
3.764286200165719,3.5957654464956113
1.4594316186372973,0.7269548433914181
-1.0242475462466771,0.06140688828806073
-0.4474589769712214,0.35296129604819904
-1.3698380798487477,1.847941188948219
-1.0641303374197157,-0.9020512056387823
1.3692338096657188,0.6809345436986085
-0.7104933828050148,-0.981341892881058
0.22239242133644765,0.29360335563551554
-0.19264507794239583,0.03842671173096823
-0.5376567859427999,0.5580765229732965
1.087462841250339,1.7804030266181492
0.26303440583379434,0.17409582853253672
1.4069641987431627,1.5778363650853442
3.4474589769712214,2.888198407679363
0.7136958148433594,0.9886394029392546
0.4150374992788448,0.9023679851791503
-0.8744691179161412,-1.1382190736525766
0.1547225947986428,0.3135050567876115
6.742692205193163,4.565479009260912
1.2537565922457836,0.8992363774928468
0.1154772174199361,-0.407674395018329
6.742692205193163,3.7420341888654356
0.0,0.18025164823630657
-1.263034405833794,-1.3749617825178366
0.6951454184715784,0.9512456390999587
2.0,1.954407530097401
1.450661409009565,0.7573496242461999
0.5405683813627027,0.1441885610045538
3.4474589769712214,2.771725280640027
2.0356239097307216,1.4460487971340863
-0.2801079191927349,-1.3473905356411164
3.966391607357181,2.494366074249
1.3692338096657188,0.6846612166194807
1.9601072728764866,1.350687520326412
-0.7224660244710908,-0.152949878643092
0.25929200414797826,2.959099899821969
1.087462841250339,1.5222016721599927
-0.9328858041414634,-0.5205286966354058
1.2537565922457836,1.2857822445115779
0.7198920808072646,0.5175285205187308
-0.3410369178350665,-0.5143969897504326
1.6229303509201771,1.505660025856641
1.7264349266740364,1.5397119913572284
0.6731896837328915,0.264382641913704
-0.2115041051937121,0.03541187361778775
-0.584962500721157,0.17432432190235225
1.1255308820838597,1.1635232142612821
3.9835118772114306,3.1896882243014932
0.0,0.34895869412603203
-0.24100809950379443,-0.03415910263090584
1.8345763907926278,1.0376564351057154
6.742692205193163,4.158865170265287
0.12553088208385876,0.6128192892694155
-0.44057259138598104,-0.49472828972490146
0.23446525363702353,0.656561720811674
1.0000000000000009,0.9054804390686285
0.0931094043914813,-0.9218789286251526
0.2995602818589078,-0.433093087792547
1.765534746362977,0.9340592912499347
1.0,0.10810448016337405
3.355480654598389,2.081641142024126
1.1255308820838597,0.843732328514314
1.6121839694561797,1.6079211259332755
0.10691520391651199,-1.5229383899613782
3.4474589769712214,2.7341561082390657
0.24100809950379487,0.39115138689943246
0.7884958948062879,0.9149012549126437
-0.7104933828050148,-0.4054645516848431
1.6322682154995136,0.9964007963251711
0.6374299206152916,0.9226158627736171
1.4012239239101554,2.9345200914786274
-0.5235619560570131,-0.8730721621659602
1.415037499278844,1.0873351193720637
0.0,-0.519539764674844
-0.7004397181410917,-0.9886086890922161
-1.4208431209600496,-0.7872396478462532
0.739848102699328,0.6667387297976004
0.14684138832927118,0.8545930164578724
-0.19264507794239538,0.26662272332573855
0.34792330342030686,0.18673267200698884
0.7484612330040363,0.6380955400577996
0.34792330342030686,-1.5131680124775084
1.1813297647145617,1.9062213351387858
2.8073549220576046,2.566067500469862
-0.768184324776926,-0.2589042622154193
0.9541963103868749,1.2167880103050208
2.3985493764902746,1.868742012926752
1.3479233034203064,0.6065218112752907
0.547487795302493,0.8335777629621118
3.5849625007211565,2.231703902224658
-0.7725895038969268,-0.20169879958977366
0.15200309344505047,0.3154023849009944
-1.1468413883292707,0.08691585400826507
-0.46948528330121997,-0.6793887200123914
0.44057259138598104,-0.5326652009168996
0.0,-0.6266709169139173
0.5145731728297585,-0.48645312794012413
5.228818690495881,3.65374957551752
1.2537565922457827,0.8139891534433761
1.0931094043914813,1.599039953010231
0.2630344058337939,0.22392615099345103
-1.1053530001462288,0.6728535157456925
2.5226437243250137,3.038758249187945
0.4768136968655341,-0.3068819953655081
0.485426827170242,-0.10185770310994804
-1.0641303374197157,-0.9745864063426896
1.6280312226130418,1.5978335296912463
0.0,2.057419929027118
0.4854268271702411,-0.020684882506974887
2.0297473433940523,1.5591939589311432
-0.4150374992788439,0.4011806416065268
-3.8994731240460356,-1.7347789933333424
1.054447784022376,0.9256860884983215
1.0740005814437774,1.954558571919047
-0.023586820317616386,0.13261772247472303
1.4594316186372973,-0.004586764855222834
2.635588573791124,2.312889005827697
0.6780719051126383,1.5633294862564941
-0.2995602818589078,-0.3648774497497851
0.900464326449085,-0.22530083462377418
0.0,0.42865046673599494
0.0,0.12487474849339647
1.415037499278844,0.7800874391196486
-0.1375035237499347,-0.5212275444339937
2.087462841250339,2.2723042351801164
-0.6166713604484944,-0.35019449646634837
1.087462841250339,0.5947356128940235
0.7884958948062879,-0.16744843831316425
0.23446525363702353,0.61487173451331
3.4474589769712214,2.8958536826612735
0.45637829465974367,1.4590852227370137
0.0,-0.7307971997175435
-2.057715497856287,-0.25758057908043663
-0.13750352374993513,-0.446188595269539
0.4150374992788439,0.688833579822798
0.0,0.7366053627230391
0.8744691179161412,1.0892838261120101
0.6918777046376685,-0.09376880480017209
1.7224660244710912,0.5042775368799312
-1.5052353082504215,-0.09242736578817261
0.7884958948062879,0.8110311210228061
1.1375035237499351,-0.2367603154159117
1.6280312226130418,1.3785249649662787
2.7369655941662066,2.7655037276784307
0.0,0.023798270037189262
-1.9634741239748865,-0.16551468518541734
0.6214883767462704,0.38292689677889236
0.09953567355091453,0.15523145942045116
-0.3575520046180838,0.34299073239675704
0.0,-0.09146100358465513
1.432959407276106,-0.4733653157358084
1.1375035237499347,1.2555093068748058
0.7548875021634682,0.6441587266341493
1.4854268271702415,1.8346488627159707
0.13750352374993513,-0.4055940815065672
-1.295455883526171,-0.8908310356921368
3.9835118772114306,3.5724402761648557
0.7884958948062879,-0.5217916770676247
0.44057259138598104,0.6408404331571909
0.3219280948873626,0.6010910321234049
-0.2801079191927349,-1.267026207652676
1.4913173901311083,3.0087017372123026
0.6026645024546156,0.40707450753595303
0.24616058726939727,1.5133775308382564
0.16046467219324612,0.6976572722472241
1.502500340529183,1.3336237283284529
6.742692205193163,4.074712803810614
0.3692338096657197,0.504636314836105
0.5972408304995929,1.0014622794906858
0.7198920808072646,0.3532109372752988
-0.8624964762500653,-0.36198202634577537
0.8073549220576037,1.2997817845695716
1.6322682154995136,1.3405096671724683
-0.9840584561309784,0.49704143976207665
0.925999418556223,0.05728156487353231
-0.26303440583379345,-0.3558956907412403
-1.912537158749661,-1.2054671014933094
0.4854268271702411,0.1720524472979462
1.4947646917495785,1.2955654545445472
3.9835118772114306,3.080696627041262
-0.6280312226130418,-0.020871330665747947
0.0,0.793746371874114
-2.8744691179161412,-1.820620445471297
0.11735695063815843,0.8766023566179063
1.3598959450863832,0.5089667527811984
0.0,-1.588281135866649
1.0473057147783562,-0.3367837763229551
0.5849625007211565,0.1537923337001199
1.1822033312207498,1.3699427692260988
0.0,-0.6625390246332685
-0.7369655941662066,-0.8715538147645451
-0.3785116232537291,-0.7671278827954823
1.1255308820838597,0.8738857289429001
1.2223924213364477,1.4363297321213373
0.10691520391651199,-1.5861752751837164
0.8639384504239711,1.1918224974837588
-0.4854268271702411,0.5092100198191478
-2.342392197447078,-1.2972790277273447
1.7078192485066896,1.3150227464757804
5.521600439723727,4.991490783231013
1.5405683813627027,1.7216201043841555
0.9289169019385177,2.2113615410951417
0.10691520391651199,0.6208615476820064
-0.45720695352278273,0.11676337830214453
0.34792330342030686,0.4776548314721243
0.2223924213364481,-0.40820055286053847
6.199672344836365,5.9576859243698115
3.9835118772114306,3.3593880824007902
0.4995710094905119,0.5840230285838549
0.6674246609131291,0.325133605906313
1.6918777046376685,0.8192916123822119
0.8073549220576037,1.1070444547646505
-1.1332665308634642,-0.2566290308331465
-4.105534414172357,-1.7890117923564763
5.447236321666992,3.588464207070944
2.0,0.24829354719935304
1.4947646917495785,1.3640688092710658
0.2995602818589078,0.41805738991560376
0.5525410230287786,0.8097040559943153
0.9951506003386053,1.8632893238035475
0.5849625007211565,0.25156083207653124
3.7425037777076358,2.8996975652548587
-0.7725895038969268,-0.17560112292965552
-0.8231222379159209,-1.3751790630727323
1.0984037040609946,0.6293472936795762
1.8826430493618416,1.248487713689744
0.5405683813627027,0.5927547492686127
0.0,-0.14712072045938063
0.6520766965796931,0.30829556273763115
1.0,0.8700636317228958
0.12553088208385876,-1.0751694150169524
0.5525410230287786,0.10174499420017134
-0.5052353082504224,0.08963308510781334
1.485426827170242,1.0006666197851612
-0.4150374992788439,0.4668745797276541
0.925999418556223,1.0184031433469682
3.0995356735509145,1.8871321129802536
-0.3818706353436445,0.6415526173055872
-0.2995602818589078,-0.15956991040341015
1.7264349266740364,1.214440947858385
0.3923174227787607,0.20008406462520967
-1.7589919004962051,-0.3168172729060586
0.7062687969432897,0.5021520970427011
1.8073549220576042,1.0879698766354549
-0.1643868179008816,-0.9955255786954343
0.7631080089684374,1.9309167633634199
0.400537929583729,0.3185546083963945
0.19264507794239583,0.06089065726020926
1.1255308820838597,1.20270055224066
0.0,0.46231554987236095
-2.174774401103708,-0.8280917637797331
4.936637939002571,4.795298592037093
-0.2479275134435852,-0.4204493668229108
0.0,-0.8123861261792347
0.7842713089445628,0.8572597323547118
0.0,0.7461504298708597
-1.4594316186372973,-1.078389934966264
-0.5594274086140185,-0.8035848543971298
1.971985623830403,2.235182249566593
0.0,-0.4145682058367961
0.0931094043914813,1.0573992655605098
-1.1312445332782524,-0.28507797946136976
1.2223924213364477,0.7803165817759073
1.432959407276106,-0.5166910643658464
1.3692338096657188,1.013479439671913
-0.8744691179161412,-1.1324621041821095
-0.12553088208385876,-0.16293578311498624
0.15488560197817147,0.63928728110302
-3.6304771599735246,-1.94234005311171
1.6780719051126374,1.7692578461076307
0.6951454184715784,0.9312991269288932
2.206450877467427,1.8777476888027433
2.299560281858908,1.9765126689358823
1.415037499278844,0.887820571473383
-0.2801079191927349,-1.4360460820306546
0.8479969065549495,0.2860664111196666
0.0,0.35532894655117014
0.5405683813627027,-0.02486053918182407
-0.793549122532573,-0.12119018598646608
0.6780719051126383,0.9919943067924135
0.7589919004962051,0.9245501698539408
-0.9840584561309784,0.33853157147818785
1.7264349266740364,1.4216957706866369
0.0,-0.2938536478364541
0.900464326449085,0.23567232629628942
0.9569312781081143,0.7543928425864526
5.714245517666123,4.647245063432689
0.9759143814756879,0.7929876966788295
-0.4150374992788439,-0.4216373270447674
4.266786540694902,3.2981015486709158
-1.8073549220576042,-0.7850861297499548
0.0,0.6545889869753737
0.23446525363702353,0.6945399017522303
1.4232114307245443,1.3340514533381072
0.7520724865564148,0.34616417800067806
1.1375035237499351,1.2514619614486637
-1.5215371205795227,-0.22099914139288449
0.7369655941662066,0.4165849056932813
-0.8744691179161412,-0.7455525132517523
-0.3312059084753738,0.015886227382053586
0.7884958948062879,0.8090715364441242
0.29956028185890826,0.8339712075834057
3.5849625007211565,2.238432073399454
0.6951454184715784,0.5816237014090041
2.048909600480947,1.8025967198963535
0.34792330342030686,0.3396143786424344
0.485426827170242,-0.7602867597824139
-0.34792330342030686,-0.8491607075175004
1.0931094043914813,0.8621878327490683
1.4947646917495785,1.1356828174326787
0.34792330342030686,0.250594307302624
0.28010791919273537,0.5042918881373232
0.9541963103868749,1.231719853054272
-0.5820799921880342,-0.6591790105300296
0.0,0.07231273684222828
1.8345763907926278,1.5343037614587123
1.0671141958585366,1.4881063542713509
1.3479233034203064,0.7874871686398159
1.6780719051126378,1.016602053261435
0.3923174227787607,0.5280576073784284
1.054447784022376,0.4434283992998268
3.6667565918848033,1.007683605600235
1.3692338096657197,1.3808646338313153
0.0,-0.5559802976494732
0.24100809950379487,0.20721261393450674
-1.1053530001462288,0.8484520939019915
0.4768136968655341,-0.3204870749215051
1.1069152039165115,0.4438821907717981
0.0874628412503391,-0.13463347657880356
0.6214883767462704,-0.38884434031181025
0.0,2.3605498721279887
1.4505797647413612,3.164230874293907
0.1154772174199361,-0.9605927361332052
-0.5376567859427999,0.5695395218313932
1.8073549220576046,1.726888425122421
1.7232906572691302,2.4687689871919596
0.5849625007211561,0.4561216919905732
0.7062687969432897,0.36114931833638564
1.415037499278844,0.7095329593244818
-0.497499659470817,0.36023619505219545
-0.3677317845004877,-0.16129692963740794
0.28950661719498516,0.3671725873366898
0.4150374992788439,0.3971168010961146
1.6322682154995127,1.1395298461517716
0.056583528366367375,0.2633283523521254
-0.1643868179008816,-0.7235120287531193
3.9835118772114306,3.4478897369518218
0.22948184612276723,0.17269104701657265
0.0,1.2315172096873517
-0.5267478867758602,0.48696370326027266
-0.24227584566699711,1.837271550405398
1.0766212816029128,1.7041029770461313
0.0524674198941355,1.1314775565906063
0.6026645024546156,0.45809010279050383
1.1375035237499351,-0.14700401878360236
1.6280312226130418,1.472965517313668
1.0473057147783562,1.3915912127572496
0.5618788876081142,1.322183208139413
0.584962500721157,1.3828980371716306
0.6214883767462704,0.2372207205162472
-0.2115041051937121,-0.054270568781047634
-0.3575520046180838,0.22251808933637968
1.432959407276106,-0.5130061893552564
-0.4150374992788439,-0.7608260501575096
0.23132554610645517,0.4628004835365205
1.2630344058337948,1.0698434268439565
0.2995602818589078,0.43567696921360255
0.0931094043914813,-0.5573900445950316
-0.5405683813627027,-0.5618620931790302
0.8073549220576046,1.4645685920898237
1.1069152039165115,1.5842564599747972
1.1420190048724281,1.7370167700144032
3.966391607357181,2.453817653317102
0.561557896386212,0.4289396902916666
1.415037499278844,0.9051422995433619
0.361336479445598,0.4538965336710258
-0.13326653086346418,0.3236978000810591
1.0000000000000004,0.6260409121130208
0.12553088208385876,-0.3545900373705766
-0.34792330342030686,-0.8990918884111001
1.2537565922457827,0.8877294651034815
1.415037499278844,0.8855690784545139
0.6520766965796931,0.33067631510302453
-2.20013961448932,1.7290523830212619
0.8339900485610707,1.3084448331461243
-0.02046410255971587,1.6133635442273102
2.476438043942987,2.4551589733398638
1.2444187276664471,1.8071495772244595
0.4854268271702411,0.2811228262349859
1.6322682154995127,1.961264852688597
-0.485426827170242,-1.367769285191665
-0.8556100906648245,-0.8482317908700685
0.12553088208385876,0.6570049242290743
-0.3219280948873626,-0.44330307681936537
0.0,0.04128134645564807
0.0,0.6121368117055328
0.6780719051126378,1.5300363974942754
1.1822033312207498,1.2521339099624844
0.0,-0.7553456785842694
-0.14017765804825988,0.4244329711925207
6.742692205193163,4.129923228884789
-0.3785116232537291,-0.7520439626021561
1.4594316186372973,1.5459661551941266
-0.4854268271702411,0.4302031286730359
0.5405683813627027,-0.04417042816122797
3.0,2.9344547173545603
-0.8930847960834876,0.26745802491445314
-2.4947646917495776,-1.7614874593737961
1.7078192485066896,1.251085063692786
1.5405683813627027,1.630059548236777
2.0443941193584543,2.4900489715778145
1.7589919004962051,1.4712426366595217
1.865070419913891,1.370951366541612
0.24100809950379487,0.5308780609428727
0.19930880822340669,0.3645014050868223
-2.8744691179161412,-1.8427511674275727
-0.562936194391157,0.4408171412595567
0.0,0.8474489477916942
0.6629650127224291,0.010911280416741276
2.292781749227846,1.6765325904337216
-0.4854268271702411,-0.34843561129514816
0.0473057147783571,0.5625111243220106
0.0,0.2578911282885066
-0.2115041051937121,-0.7279602448385489
-4.105534414172357,-1.8248337273734239
-0.09953567355091453,-0.6927218646397415
0.19264507794239627,-0.5170637391173348
0.16046467219324612,0.1597048856067269
-0.023586820317616386,0.06944213447440854
0.09621531525930305,0.004878410869877087
6.5016841056893675,4.294313205081991
-1.4594316186372973,-1.115710725656641
1.8345763907926278,1.6496760479696706
0.547487795302493,1.0184804179965754
-0.8231222379159209,-1.1309643487022092
-0.25153876699596367,0.21591967414956545
0.09019780897157847,0.3620000852545941
0.0,-0.30447172709161596
2.1935375586642634,3.576225572468763
-0.04439411935845339,-0.07689827280398884
0.9663168737437111,1.5887689808209695
-1.0641303374197157,-0.9810617627832079
0.0874628412503391,-0.2285017393835199
1.0747677684019727,1.4917437870648993
0.0,1.6205131432997273
0.691877704637669,0.5110432519200995
1.7655347463629765,0.5485606843872554
1.0000000000000004,0.7944684695593552
0.3448284969974411,1.693135867530308
0.10691520391651199,0.12602572576165683
1.6229303509201771,1.4130361499174469
5.529820946528696,3.7247776054222004
-1.3959286763311392,-1.149504181192072
1.6520766965796931,0.870932080051644
2.529253068134868,2.6625924051360146
-0.029146345659516015,0.772341400338429
2.087462841250339,2.244588838488595
0.3014297845708045,1.1050346581852855
2.8194277543581796,1.8483783045618198
0.900464326449085,-0.08468130850203578
1.0,0.6243753323539517
1.3923174227787607,0.7295479985961902
3.4474589769712214,2.5641471982371185
-0.2479275134435852,-0.4342934909515399
-1.8402195559632313,-0.43695970172047344
1.1699250014423122,0.5322878608822822
0.5849625007211561,-0.22582398571109907
1.0473057147783562,0.5203869061905484
-2.023083613113042,-0.7523820988778169
-0.44057259138598104,-0.4139804477154265
0.8345763907926278,1.0571548431371747
-0.4150374992788439,-0.816164918499118
1.6280312226130418,1.7202322461945942
0.0,-0.7260771732500986
0.6951454184715784,0.8840886050008017
0.12553088208385876,0.21446072845373698
0.728697978182606,1.274228227596623
-0.12553088208385876,0.15444702962099843
0.6623045892543207,0.6530392653358941
0.3219280948873626,0.6966399559957253
1.4913173901311083,2.8742017658094614
-0.7004397181410917,0.32296701879615397
1.2537565922457836,1.1676347547948056
0.25929200414797826,2.7741498442282286
-0.8624964762500653,-0.42944468898998345
2.152275274379898,3.152941783570274
0.0,0.3664506725985547
0.8744691179161412,0.9123324840329012
-0.16175106999661182,-0.024885591904852806
0.900464326449085,0.2922554470246107
0.2837929660005907,0.31358882845841995
0.0,0.40144525888127036
0.34792330342030686,0.441464506597373
-0.4150374992788439,-0.3449445029177798
2.7880543660986685,3.009864834978924
-0.8556100906648245,-0.8930315566917612
2.2976805486406855,2.7316474335103846
2.350497247084133,1.68993070673547
-1.5215371205795227,-0.30456467251204294
1.4069641987431627,1.6574623056041382
4.998038483666714,5.924183298447841
2.3074285251922477,2.7555344353717586
-0.8930847960834876,0.2170254687146187
-3.8994731240460356,-1.6794193306738547
1.3479233034203064,1.221454167721171
0.6374299206152916,0.8430190440403006
1.415037499278844,0.8281395186060997
2.048909600480947,1.8445731691237444
0.0524674198941355,0.13717190064493395
1.7190991733726917,1.7862041678374991
-0.7004397181410917,-0.9122097247305269
0.5618788876081142,-0.20909456762231682
-0.4854268271702411,-0.29118815615212773
1.7655347463629765,1.8063518978898068
3.1813297647145613,2.225294032279023
0.2954558835261709,0.31793728696429757
0.485426827170242,0.44232758731776267
1.502500340529183,0.7687607211944207
1.087462841250339,1.4685543019540643
0.28010791919273537,0.5649626373494502
0.5849625007211565,-0.19826045176500826
1.549338590990435,1.2742316987658027
1.3479233034203064,0.5936933183173808
-1.4551946257508268,-0.12736271877216285
-0.15241523315386374,1.7101495636843946
-2.838456139345344,-0.5241927036065088
2.0356239097307216,0.79408223379057
1.0984037040609946,0.7186667990744786
0.24100809950379487,0.34392556010203323
-2.8073549220576046,-0.4798918120180179
1.0931094043914813,1.5003061509201898
0.19930880822340669,0.36008477855390697
0.0,-0.3109838136198746
-0.7004397181410917,-0.9804024063729041
0.9663168737437111,1.3179016559353876
0.36257007938470753,0.13520965248326236
0.7589919004962051,-0.010619401609090614
1.2537565922457836,0.7965913160556903
-2.839327311795884,-0.0016912053858420635
1.0911478880581953,0.8891199385636465
0.6229303509201767,0.763137918519607
1.485426827170242,0.9760451306764586
-0.20645087746742652,0.08612446658902595
0.23446525363702353,0.2498239076991391
0.8073549220576037,1.3839756505172272
-0.1397247636666128,0.6987709790524735
-0.8395353278067539,-1.3162580592434123
0.0,-0.9673704553304279
0.0,-0.18414521944878656
-0.14684138832927118,0.6270530484873484
0.07800251200127306,-0.15979726470692523
-1.0324214776923775,-0.4078427102190868
0.44057259138598104,0.15148069782371953
1.1468413883292707,1.2934665067314133
0.056583528366367375,0.33395870653765014
0.0,-0.6619275239833551
6.199672344836365,6.22809872875704
3.764286200165719,3.1915463395948693
0.900464326449085,-0.12687864344039868
-0.8813555035013811,-0.6414861108266059
0.485426827170242,-0.29184675724249765
0.22948184612276723,0.1287908263064627
0.4150374992788448,1.0081497061907774
0.8845227825800648,1.049764507700397
0.0,-0.7438967470754414
1.4594316186372973,0.2682247112560566
-2.057715497856287,-0.006259452604618308
-0.04890960048094595,-1.2157063432836075
1.971985623830403,2.247738141262628
-2.587389238115696,0.35923498274098525
1.6280312226130418,1.3349848383853185
4.743391863325639,3.004422686682999
-0.18442457113742705,0.6082963447035166
1.4947646917495776,0.9414659049308833
0.1375035237499347,0.13036997993757252
0.6322682154995123,0.26319429346191914
1.4195388915137839,1.5634164439233966
0.8744691179161412,0.5398084324443551
1.087462841250339,1.4082291367720623
1.6280312226130418,1.758537037814114
1.0,0.4420886027830565
1.472852134399619,2.5645013807980837
3.4037221860510094,2.4265409240364963
6.742692205193163,4.360495798778123
-0.12553088208385876,-0.013379339811003633
1.3219280948873626,2.066206278394266
1.3692338096657197,0.9364947280320678
-0.9328858041414634,-0.4435248323121703
1.765534746362977,1.3795201465836262
1.1699250014423122,0.5863910269902843
0.485426827170242,-0.1675806031730649
3.4474589769712214,2.7276065515943113
1.3479233034203064,1.0049587592867393
1.9601072728764866,1.4166255612274974
5.392317422778761,3.9809058544118647
1.280107919192735,1.1788648235007275
0.19264507794239583,0.3907487698994415
3.5405683813627027,2.046322387732298
-0.6280312226130418,-0.8519476067919014
-0.3410369178350665,-0.4321162453125533
-0.11547721741993477,0.548355967747383
0.7218981460772644,1.137753385764833
0.5431423250265288,0.9079746656150262
0.0,0.640248773848541
1.6322682154995127,1.8629516811209132
-0.485426827170242,-1.3678218884999818
2.7369655941662066,2.7600734598790426
0.2223924213364481,-0.38280399008447585
6.742692205193163,4.013457881488174
2.5800720043740837,3.606272753286427
1.2223924213364477,1.3021214895011621
-0.10691520391651199,-0.9825856371477755
1.1822033312207498,1.3980670481644621
-0.20645087746742652,0.1924559097616788
6.742692205193163,3.893971918437806
0.1154772174199361,0.23407071127129853
-1.5215371205795227,-0.1689775202817826
1.2223924213364477,1.2976089793077705
3.0,2.339391944225649
3.4474589769712214,2.6639712953852612
-0.1375035237499347,-0.28973830616647095
-0.5849625007211565,-0.19892918805348447
-0.8930847960834876,0.30077282353982593
1.6780719051126378,1.2862690295691515
-0.24100809950379487,0.1031270355355669
0.6780719051126383,1.0363210177220126
-2.459431618637297,-1.2585937669698006
0.925999418556223,-0.055354018093976665
0.7589919004962051,-0.0026976014970068185
1.415037499278844,0.9587817412181083
-0.1979393776119096,-0.1273965716064436
-1.624490864907794,-1.2482217809527518
0.4995710094905119,0.5940819271542791
1.9757524537533229,0.16997233578600415
0.947532580105864,0.8715632902461137
0.15488560197817147,-0.43491500124369353
0.739848102699328,0.6706529667855321
0.0,0.1803799295572327
-4.105534414172357,-1.8885652521395089
1.2444187276664471,0.5566292779803854
0.2995602818589078,0.6200930153274226
-2.4208431209600496,-0.5591013837426414
-0.022900402110078488,1.8289119641315947
0.12553088208385876,-0.9359110917774491
1.2370391973008492,0.9066372016247117
-1.9634741239748865,-0.08794466499577425
0.7884958948062879,0.9151695911414238
0.8845227825800648,0.5851624993897697
0.6780719051126378,0.826440340365979
1.2537565922457827,1.024859449820655
-0.23446525363702353,-0.18891252810718784
-0.04439411935845339,-0.003334840870250294
0.0,-0.5544009469873677
-1.0641303374197157,-0.976319085157345
1.4505797647413612,3.1524779992153453
0.4680447489420061,2.4866788219211813
0.485426827170242,-0.2072673791961822
-0.09019780897157847,0.2439707095570694
-2.0443941193584534,-1.7247448903646636
-0.5376567859427999,0.6373907968125445
1.472852134399619,2.415143625418696
1.4854268271702415,1.7325237169683023
0.33703498727757175,0.6719974827734734
0.0,-0.10917880003978411
1.7224660244710912,1.1229187535054834
-0.5360529002402092,-0.20080290413271262
1.7232906572691302,1.8184092527047444
0.5849625007211561,0.2858790757216267
0.0931094043914813,-0.9852967548742823
-0.1375035237499347,-0.4579714040441901
-0.3219280948873626,-0.4515716399865311
1.1468413883292707,1.2584355842119344
1.6322682154995127,0.8939593840276926
0.485426827170242,-0.6522595719318627
-0.1643868179008816,-0.8931694127346324
0.400537929583729,0.1859322364019492
2.0,1.114715749405598
-0.6100534816839867,0.2820282525899318
0.12553088208385876,0.21421246295547347
-1.0641303374197157,-0.9878522224307402
0.8845227825800648,0.8969590435343096
1.4594316186372973,0.18170036173058224
-1.8402195559632313,-0.4299482817505189
-0.13750352374993513,-0.3379749688565512
2.0752881273042374,0.9706557178663211
2.6907571647437534,2.207353921635696
-2.1413558492455413,-1.1341050932682735
1.0473057147783562,0.6910878534550641
-0.8073549220576046,-0.9661504046566666
3.2882449686310733,2.6899393385328834
-1.1069152039165115,-1.4529707845193096
1.6322682154995127,1.46195933944411
1.1255308820838597,0.3684535523170312
3.3219280948873626,2.289170757785947
1.3692338096657197,1.3843659136325266
0.6214883767462704,0.2528368176200152
0.09953567355091453,0.02699327804096749
2.0703893278913985,2.1569254517474983
6.742692205193163,4.590598852402249
0.0,-0.8794842944935306
5.129283016944967,2.8107580100787524
1.4947646917495776,0.6025756555628006
-1.4947646917495776,-1.3695035209051316
2.415037499278844,1.1214622043431186
1.1699250014423122,0.6014452604321566
0.903784684740697,2.2032977587736418
0.0,-0.3204222795731959
-0.04580368961312509,0.6756196862787067
0.44057259138598104,0.875043672088463
2.0356239097307216,1.38531661351175
1.8345763907926278,1.0912334324679374
-0.7004397181410917,0.4046211396812289
0.24100809950379487,-0.27380111735762847
3.5849625007211565,1.656076402905621
-0.34792330342030686,-0.917194679556065
0.3692338096657197,0.5644766939503562
-1.1699250014423122,-0.15535706595174537
-0.6280312226130418,-0.9313634978608147
2.061400544664143,1.8419110509062353
0.3410369178350665,0.49024687900403885
1.3575520046180838,1.08829747929021
0.0,-1.079711808165428
4.121015400961365,2.4448614533166406
1.2344652536370235,0.7905869822461523
-0.6280312226130418,-0.09174756564236117
0.0,0.6311542947615423
0.9759143814756879,0.7807206807109084
0.8300749985576878,1.3380723861229256
0.0,-0.04302162315539437
1.0297473433940523,1.5109551252047295
1.0000000000000009,0.9151708855493808
0.0,-1.5184099856956839
1.4947646917495776,1.0019243732858767
1.1822033312207498,1.3048844506342088
1.9142701259741162,1.460746509687778
0.23446525363702353,1.4121071849924498
-0.7369655941662066,-0.8985582864388053
1.214124805352848,1.192442417778072
1.6322682154995127,1.2700916703605234
0.10691520391651199,-1.481961932666309
-1.3575520046180838,-0.3129223723475931
0.27207954543680124,1.79244355929575
-0.24100809950379487,0.09581617833007927
1.6444635124698186,1.227837824608903
1.7589919004962051,1.256830963400745
4.851749041416058,3.5041501796674903
1.3692338096657188,2.200659170188742
0.925999418556223,-0.024823715337638275
1.7190991733726917,1.7127243123853724
-0.4854268271702411,-0.473104521965787
1.3692338096657188,1.1578209261607415
0.8073549220576046,1.415952351460456
0.6780719051126378,0.2923584586080541
4.750771393691236,2.4651217427800782
2.8073549220576046,2.3360714904178774
1.2537565922457836,1.3681360403859577
1.0671141958585366,1.4009024337145526
0.0,-0.17543166816334357
0.4150374992788448,0.9231520253868241
3.7425037777076358,2.843680318604146
5.392317422778761,4.137023297434941
2.0356239097307216,0.9274533910995122
-0.25153876699596367,0.13608954230859793
-0.2115041051937121,-0.7477350269559573
1.4329594072761065,2.538358763408909
-1.1636660109706298,0.06769844255046897
0.24100809950379487,0.31884689714513326
-1.1053530001462288,0.9278905987505881
-1.0641303374197157,-0.964925396849209
0.6214883767462704,-0.49717101777743533
0.8744691179161412,-0.45191600582789015
0.5525410230287786,0.053740600573937106
0.0,0.23407399282694236
0.0,0.14660347276589877
-0.8259706002249514,-0.928468214080682
0.23446525363702353,0.1579893642699357
0.0,1.60620708802498
0.691877704637669,0.5411482870477717
3.7425037777076358,3.379641679100634
-0.5376567859427999,0.5717121589036845
-0.4150374992788439,0.4052314286764215
0.15488560197817147,0.9178782572144801
0.900464326449085,-0.2744856492448888
1.8073549220576046,1.5870753341766228
-0.14684138832927118,0.4250010651603731
0.0,0.4724722648913633
0.33703498727757175,0.7485363310086979
-0.32192809488736174,-0.17332142406392786
0.7631080089684374,1.8759043202149666
0.18641312423088152,0.3195563775879465
-0.12553088208385876,-0.0663339284399822
0.0,0.5076898195949898
-2.174774401103708,-0.747322619273993
0.21008552588483376,0.49474492277786386
-1.0641303374197157,-1.010671090178948
-0.362570079384708,-0.6391632061368454
0.0,-0.8696828815146544
1.7520724865564148,2.116969522846749
0.6291623046316914,0.2046800439954657
0.4474589769712214,0.458982637600402
-0.04890960048094595,-1.2590330847570381
5.228818690495881,3.117064462355286
1.1375035237499351,-0.2947788639368836
0.0,0.7965188056333335
0.7369655941662066,0.42285659290131883
0.11735695063815843,0.7756604116184058
-1.7041342016988343,0.1946033999632999
0.7842713089445628,0.6479219250905702
4.550746785383243,3.2539101420156236
-0.5525410230287786,1.4591075191806036
0.0,-0.3610829883463931
1.3692338096657188,0.9715813780755925
-0.5145731728297585,-0.5143171693659436
1.3575520046180838,2.1113481276109827
1.4947646917495776,1.080321056615173
0.0,-0.821117205978751
-1.3692338096657188,-1.278997112480336
-0.3677317845004868,0.1770792460832057
2.678071905112638,2.1384871923720716
-0.19264507794239583,0.009371496016514769
0.561557896386212,0.4095131654159303
1.3692338096657188,2.06439422093968
1.912537158749661,0.9928954340439977
-0.7004397181410917,-1.3048319119814378
0.3923174227787607,-0.08858926617574972
0.7842713089445628,0.5127760315446142
-1.1069152039165115,-0.8651124328527466
0.3048545815284216,0.12512712703547638
0.6780719051126383,0.07512889125918638
1.782562460606317,2.795228588779503
-0.9278502142441649,0.4915816824781834
-0.11547721741993477,0.46453745487946957
1.2344652536370235,0.9320595888956249
0.2837929660005907,0.39577590532872103
-0.6280312226130418,-0.2289814996754201
-1.415037499278844,-1.5234103377545156
0.2223924213364481,-0.5567462103098461
0.8300749985576878,1.3722066604303527
-0.8556100906648245,-0.9595226969450628
0.0,0.07289196984982627
0.19930880822340669,0.392399923301267
-0.20645087746742652,0.12275736584568875
1.214124805352848,1.0571684600565223
0.8073549220576037,-0.06434627086765665
0.10691520391651199,-1.6485672607872044
0.8479969065549495,0.4580502240851735
-0.16992500144231215,-0.7760975575173386
1.1375035237499351,1.1133997814341299
-0.24100809950379487,-0.48857742053550224
5.151309323274965,3.884378016443225
1.1805722456418204,1.5658305714673828
2.2143191208007664,0.8727285718202191
0.2223924213364481,-0.41122307829876537
1.0766212816029128,0.005471034460265534
-0.547487795302493,0.3639202754755717
0.4995710094905119,0.6442760409860833
0.6629650127224291,0.06663596912351388
0.739848102699328,0.7382627410452979
0.19264507794239627,-0.7880524544510098
0.7484612330040363,0.6739828539608318
1.9411063109464317,1.2544156196696157
0.3923174227787607,0.1613816575089933
0.0874628412503391,0.1046548502897716
0.9541963103868749,1.191433528722453
-0.022900402110078488,1.8840259696089678
1.4947646917495785,1.1171730809517093
1.2370391973008492,1.0166328810315521
0.9951506003386053,1.7894587724481674
3.5849625007211565,2.1584092360499767
0.7964666059148682,0.36511583174059825
0.0,-0.16354671043291638
-0.2223924213364481,1.074944982051195
0.15200309344505047,0.22881223677671184
0.0,1.4320852116695426
1.4329594072761065,2.5128253279580823
0.0,0.012090543238273715
-0.23446525363702353,-0.2340113779943994
-1.1053530001462288,0.8264083758897717
-0.08488889758651297,0.08958888718772842
-1.880418384247327,0.480516844982578
0.951090399519054,1.2080717709432136
1.3692338096657188,0.5394745926566997
-0.8259706002249514,-0.9398579803365132
0.42968427524324504,2.149126539784778
0.0,0.2647693499817845
2.415037499278844,2.331272287197314
0.24100809950379487,0.3245578321737528
0.4150374992788439,0.6860024540386236
0.8845227825800648,0.6873043284753713
1.4594316186372973,0.045337665304223014
3.4069641987431627,2.3145408303528097
-0.8981203859807865,-0.43663110216136514
-0.9284467389749667,-0.7036370145529862
0.8650704199138914,0.634947999967618
5.529820946528696,3.4806366283207097
1.7232906572691302,2.0192085468077132
0.8650704199138914,0.8968441075383282
-0.497499659470817,0.36655095786048175
0.0931094043914813,-1.0670089659417228
0.24100809950379487,-0.4395936379729912
6.06216882108643,6.154417434673438
-0.6166713604484944,-0.38750710502091723
2.0,1.2576209981796935
-0.8813555035013811,-0.7446217726514505
3.9835118772114306,3.792248605690186
0.5431423250265288,0.7241118736605434
1.1699250014423122,0.3647937626474053
2.0703893278913985,2.272306712854406
2.9068905956085187,2.9896893854780395
0.3719687773869582,-0.04221211557745913
-0.1154772174199361,-0.10530690079238592
-0.44057259138598104,-0.5819373941802867
1.0473057147783562,1.0012090488562642
-1.1312445332782524,-0.350616732205227
-0.10691520391651199,-0.035803104572110334
0.7062687969432906,0.41156543602578466
0.29956028185890826,0.8588927393460594
0.0,0.4111303495827975
-0.6374299206152925,0.13116475622877494
1.432959407276106,-0.6363871402853435
0.10691520391651199,-1.6220742659304
1.2630344058337948,1.0730006190666879
6.742692205193163,4.458399644028164
1.2537565922457836,0.8836974089302108
1.1096244911744986,1.5965096155577265
1.3692338096657197,1.009402455781076
0.0,0.10656394294701305
1.4461347960238404,1.2476651736836868
3.9835118772114306,3.6751442545037527
-0.5849625007211565,-0.6553304707689755
0.7884958948062879,-0.38861501541383137
0.900464326449085,-0.4489577638399199
0.0,-0.9886746506628283
1.4913173901311083,2.7187321214179594
3.6438561897747244,4.011351288731923
0.947532580105864,0.4141060007667545
0.0,0.2973157811918769
1.502500340529183,1.4937892216144992
-1.0000000000000004,-0.5288982151437503
1.1069152039165115,1.3616325729582028
1.087462841250339,1.6254896308707245
1.912537158749661,1.365806302034637
0.06711419585853662,0.5677588618418723
0.3219280948873626,0.6580366450511441
-0.24511249783653177,-0.34911286272203396
1.415037499278844,1.0816833857918309
0.20645087746742652,-0.07965711264238871
-0.26303440583379345,-0.37660501541246316
0.0,-0.389750333249585
0.900464326449085,0.09191528317704112
0.4854268271702411,0.18011318411897126
0.8624964762500653,0.23502360733706706
1.3692338096657188,1.0817101085255074
0.0,0.39247481057783484
1.3479233034203064,0.9679972126092643
6.742692205193163,4.1394005204601765
6.742692205193163,3.9844409709074293
2.8194277543581796,2.2151704749083283
-1.8073549220576042,-0.9210662020424787
-0.16992500144231215,-0.00372697764151364
0.1740293997750486,1.206615280501983
0.23446525363702353,0.7183096560490113
1.0297473433940523,1.5957215874992463
0.0,-0.361553578579601
0.5849625007211565,-0.012032440102051283
0.44057259138598104,0.23303664978318084
-0.8744691179161412,-0.5812532394070502
-0.4854268271702411,0.4994769140197598
1.6918777046376685,0.6600477153381282
3.0,2.9818961280829894
1.3667823306716231,1.906391228192479
-1.2439255828860896,-1.1152726524036762
1.6280312226130418,1.3558027454220856
0.8073549220576046,0.8708910671779714
0.10691520391651199,0.6644782057108136
-0.19264507794239583,0.07615252324020982
3.5849625007211565,2.2168073738926015
0.6951454184715784,0.6765828718589368
0.925999418556223,0.045924417805108586
-1.3112016882943038,-0.176685234445472
-1.415037499278844,-1.44390735665221
5.529820946528696,3.7319523713117055
3.9835118772114306,3.4699323649167715
2.292781749227846,1.702359505916919
1.549338590990435,1.2529058761545584
1.2274104961030723,0.8010943621823264
0.09019780897157847,0.3316917551915448
-4.105534414172357,-1.5991961934603867
0.485426827170242,0.39942760359595453
0.22239242133644765,0.76818387015453
2.596367263993405,1.382366589760137
1.054447784022376,-0.4542988852794936
-0.023586820317616386,0.20877595299883928
0.13750352374993557,0.39601825824827624
1.6780719051126378,0.9047408684825051
1.3692338096657197,1.380067033825113
5.954196310386875,3.689659695492524
1.0984037040609946,0.5558959225621957
0.0,-0.30784567441906674
-1.1636660109706298,0.3922758048293346
0.06926266243711332,0.7928344637806742
0.0874628412503391,0.046386410400764126
0.7182290315846203,1.4124371259332014
0.0,1.9579437573833973
0.6229303509201767,0.7921556355620156
0.07800251200127306,-0.31688214195491393
-0.20645087746742652,-0.023908888021811237
2.0297473433940523,1.4854464580072808
0.9652345818393231,0.513573510074994
3.5138794026596747,2.4068104050569463
3.1813297647145613,1.460228861646578
-0.8981203859807865,-0.32855509931497645
0.0,-0.1321647931035828
1.2334901302197778,2.4711002420233457
-0.7500217469916528,0.21339478807966378
1.8073549220576046,1.4333306206201588
1.6229303509201771,1.533514246109094
2.20212382383046,2.894369769229125
-0.029146345659516015,0.8247296073678049
1.1468413883292707,1.3467297681270312
0.4854268271702411,1.1088583023901162
0.0,0.45780637794547685
3.4474589769712214,2.6412400542707095
0.0,-0.14864578514669124
1.2537565922457827,0.5565198927736639
-0.5267478867758602,0.5356865841484237
-1.8402195559632313,-0.5461629953258714
-0.45720695352278273,0.029682563979652198
0.6731896837328915,0.35429464183003073
4.821160721582635,4.806611479663964
1.4947646917495776,0.8563382977944067
-0.18442457113742705,0.2304893969121999
0.7842713089445628,0.6814080802742859
-0.5145731728297585,-0.584132037287683
1.3575520046180838,2.0032957246021823
6.742692205193163,4.248759649044651
-0.12553088208385876,-0.12012200436939591
1.4947646917495776,1.218175524727725
0.7062687969432897,0.14513715410691064
6.5016841056893675,3.8414246675081616
0.728697978182606,1.3266302049264391
-0.6438561897747244,-0.12136431438869666
0.0,-0.07078337419217692
-0.2801079191927349,-1.4003368202488806
3.6438561897747244,3.9340434723749027
-0.09019780897157847,0.30060113893648827
-1.6844981742720706,-0.6170362554763077
1.502500340529183,1.3175220899204065
1.3692338096657188,2.210885844883917
1.5525410230287786,1.1896654364310024
1.912537158749661,1.4477761202539705
0.4768136968655341,-0.10056271729311148
3.5405683813627027,2.1718475289485406
0.1375035237499347,0.5826291086767323
2.5226437243250137,2.7950970179612704
0.8073549220576037,1.4103188708509595
0.9306607959260855,3.2443702045466316
6.295233228221941,3.5306959815126895
1.415037499278844,1.0294668194641312
0.925999418556223,-0.03108362061976222
4.121015400961365,2.3873173083562613
-1.912537158749661,-0.9159620130944041
0.0,0.45013855478107057
1.1255308820838597,1.1463408983188765
0.947532580105864,0.5005706171801356
0.3719687773869582,0.7732641086572625
0.0,0.5703302177388331
0.2223924213364481,-0.3718172630932045
6.742692205193163,3.867628988255095
0.061776197586690174,0.8433023309148828
0.7589919004962051,0.39433827508028013
0.6780719051126378,0.4566424067466247
0.1740293997750486,1.0788398679506894
1.0297473433940523,1.5037828052729219
2.529253068134868,2.2857491106684344
1.1822033312207498,1.2495889966629492
0.3870231231092469,1.2322655283561041
1.214124805352848,1.3910244248145958
0.28950661719498516,0.47180354019641935
1.6121839694561797,1.752699186293838
1.4594316186372973,0.06011215109527855
-0.3219280948873626,0.581530594247247
2.2630344058337934,1.4676585205926072
0.29956028185890826,1.0169534588150932
0.06926266243711332,0.6071889921204218
0.10691520391651199,0.5904476266900903
0.0,-1.166952765456534
0.0524674198941355,0.2607339613597858
2.155278225477911,1.8815838353210201
1.1805722456418204,1.1716665541289273
0.8073549220576037,1.2196838708704294
-1.1502426355806126,-0.5093285746612448
0.22239242133644765,0.6494234420292576
0.6322682154995123,0.15181816886374022
1.8639384504239715,1.2246431722083777
1.1813297647145617,1.8561670082460815
-1.8531586116707288,-0.4962767352337678
1.2444187276664471,0.6159992077883273
0.0,-0.600608744527977
0.3219280948873626,-0.0029063882418709263
0.12553088208385876,-0.7706061780388649
0.9951506003386053,1.8169420901444235
0.7884958948062879,0.769869467176318
0.8073549220576046,1.3286328300897234
1.3692338096657197,1.2735521441841398
0.45637829465974367,1.3219238833853217
-1.3667823306716231,-0.901229250194679
-0.21299372333419786,0.8620798072552681
0.5405683813627027,0.5508230920754251
1.2537565922457827,1.0990168098115036
0.4150374992788439,0.20061785316459257
0.6780719051126378,0.4140694815802656
-0.13124453327825236,0.4621640936161373
2.2143191208007664,0.9070648520236011
-5.314314910777487,-1.7362097540693453
0.0874628412503391,-0.1954635655216279
1.087462841250339,0.5119358756161141
-0.14438990933517548,0.4463342764483924
1.4505797647413612,3.293219309367949
0.0,-0.24904018316125465
1.3692338096657188,0.6731335109692629
-0.4150374992788439,0.36499487758936
0.1154772174199361,-0.7500748774224846
0.8345763907926278,1.4427919287452624
-0.20645087746742652,-0.06516211030824093
-0.2995602818589078,-0.42906841825718045
0.4329594072761056,0.006523215002324135
5.529820946528696,3.3319957274882785
0.5849625007211561,0.38184121445039765
1.6520766965796931,0.9190059958868526
1.415037499278844,0.6229330759062219
0.0931094043914813,-1.1098198885555217
0.5849625007211561,0.34387117067619355
1.6322682154995127,1.0393111722146167
1.8073549220576042,1.1304129764315638
1.087462841250339,0.5027292780454631
3.764286200165719,3.1059850442267685
3.9835118772114306,3.569621568768958
1.7655347463629765,0.48915738217182114
0.0,1.5645569793329628
4.121015400961365,3.012912023499333
0.3131578852596304,0.27442105819159945
1.8073549220576042,2.2664767636053123
2.4232114307245443,2.4346267298573006
5.129283016944967,2.916605062299355
0.6026645024546156,0.41970726968722705
0.4947646917495776,0.06963202315122644
6.06216882108643,4.831759301011212
2.7369655941662066,2.911951396384918
0.7533600324168752,0.6321350066740632
3.4474589769712214,3.064305427168013
-0.6374299206152925,-0.01932030790065235
6.199672344836365,6.8355981353309305
-4.253341009629951,-1.5363059244722368
-0.5525410230287786,1.6402288481016702
2.1658088929700803,2.2965974484885674
0.8479969065549495,0.24519005838082886
1.1096244911744986,1.579057315607646
1.1375035237499351,0.6130989251738924
0.0,-0.10877261957441074
0.7884958948062879,-0.4073098153694269
0.0,-0.6125575961847295
0.6023445789493929,0.8716813910794212
1.9601072728764866,1.400555014180074
-1.0000000000000004,-0.7855446867567067
0.25929200414797826,2.4193403882745357
3.5405683813627027,2.2202326503396463
1.2537565922457827,0.8844678464968807
-0.025686643663648923,0.42662669850158313
2.5226437243250137,3.145050046745299
-0.3410369178350665,-0.475133926981207
-0.02046410255971587,1.2389248867073812
4.121015400961365,2.3098868624123714
3.2064508774674265,2.467938541963804
0.0,0.19068208982883117
-0.2863041851566406,0.4160114255821074
0.5618788876081142,1.3214902521109988
1.5126482959052652,1.4684971090843875
-0.3219280948873626,-0.3997066810604988
-0.5849625007211561,-0.46599122225571565
1.0297473433940523,1.5880999484666622
-0.9434164716336322,-1.132007427458359
0.23446525363702353,1.5880809136335616
0.3870231231092469,0.9459488715558194
0.9284467389749667,0.6585788962405957
1.2223924213364477,1.5082367685714402
1.6918777046376685,0.6984138702882247
-0.1375035237499347,-0.28891692772730276
3.0,3.0689234948710142
1.549338590990435,2.1251156292501063
2.2630344058337934,1.5096094891310374
1.6780719051126378,1.2528333691536084
-0.7104933828050148,-0.4804807468911115
0.23446525363702353,0.7412121649508103
1.1468413883292707,1.263428106468018
0.24100809950379487,-0.5539185208998413
4.851749041416058,3.1867095159926513
0.2630344058337939,-0.2808057439684728
-1.415037499278844,-1.4358999933495575
5.529820946528696,3.552757103423347
-0.5849625007211561,-0.07626274847730807
1.6322682154995136,1.0475414609226297
0.15488560197817147,-0.54561910509002
0.25929200414797826,2.863612287968763
1.4947646917495785,1.2177265307131548
1.971985623830403,1.8150808741588569
0.6780719051126378,0.3488781751316252
0.0,0.28848958581423756
0.22239242133644765,0.7974791170563447
0.6322682154995132,1.0324625380274532
1.1813297647145617,1.8591683050767853
-0.9434164716336322,-1.18071078209904
0.73050334353651,1.2555430662306801
0.5525410230287786,0.8075821024620577
3.5849625007211565,2.2971124414377533
0.7964666059148682,0.3263910929210465
-0.2223924213364481,1.1178526256282422
3.7425037777076358,2.881539067463111
-0.46948528330121997,-0.8783923758509907
-0.9278502142441649,0.4838908306201969
-0.9098021910284215,-0.026653299742345413
0.5405683813627027,0.6292982334492939
0.0,-0.03616819766681706
0.6520766965796931,0.29284813619695016
-1.1069152039165115,-1.037394421395201
1.1069152039165115,0.4564821549902078
0.8744691179161412,-0.31360408423813735
0.6280312226130418,0.8240408892461484
3.0,2.7079635201888346
0.0,-0.13292766787837634
1.0747677684019727,1.541461521846468
2.292781749227846,1.878266138264415
0.6322682154995123,0.16087696419059838
0.24100809950379487,0.24209141301176618
1.054447784022376,0.9517465480226975
1.9411063109464317,1.2604427364008406
-0.8395353278067539,-1.2929548647376645
-0.34792330342030686,-0.9025987916799711
1.2334901302197778,2.441571631629691
-0.7725895038969277,1.3277908848818203
0.19930880822340669,0.5158621443563318
5.529820946528696,3.7422302640664116
0.8650704199138914,0.8575579667292699
0.0931094043914813,-0.8908384069971451
-1.7776075786635523,-0.6813956736161247
-0.938599455335857,-0.8565344900184649
0.27207954543680124,1.6872298211213301
0.1154772174199361,-0.6365265554991445
3.764286200165719,3.5309237758546708
6.880195728943098,4.159570501101875
3.7425037777076358,3.2674605489382684
-1.3698380798487477,1.561014687237799
0.0,-0.3891452909331685
0.3131578852596304,0.29537259702815616
1.4594316186372973,0.26936199031175156
-2.057715497856287,-0.12269197058792093
-0.13750352374993513,-0.5937974805672711
1.1255308820838597,0.47036422359130836
1.8073549220576042,2.497196795590628
1.0752881273042378,1.0611345086949209
-0.19264507794239583,-1.1368681885512284
-0.44057259138598104,-0.6309438290516501
0.0,0.4709962625466863
0.361336479445598,-0.2650796700494333
0.7062687969432906,0.4649112284002779
0.09953567355091453,-0.006400920294894641
3.4474589769712214,2.785668705505752
-0.16992500144231215,0.507516691436713
0.2479275134435852,-0.008032824477041789
1.0761716804854045,2.4429517850928244
0.6291623046316914,1.3044693571675572
0.5405683813627027,0.6522798542405662
6.5016841056893675,4.067788010040754
-0.3677317845004868,0.18199003027422025
1.1699250014423122,0.5372448187862882
2.678071905112638,2.0691581212303767
0.0,0.019395259406925214
1.4854268271702415,1.2053291069510472
-0.3219280948873626,-0.12312679398139181
0.34792330342030686,-1.4215602133071792
2.0356239097307216,1.5631493738510356
0.4150374992788439,0.3049496456828473
1.054447784022376,0.2753002518326898
1.912537158749661,0.9949825387004131
-1.0000000000000004,-0.752080180793668
3.5849625007211565,1.9605360690355176
-0.1154772174199361,-0.40590856130035524
1.912537158749661,1.3182832645086568
0.7655347463629769,0.049481751709371524
0.3048545815284216,0.5526595373821245
1.6780719051126378,1.114945636932227
0.06711419585853662,0.4986605351852105
1.3575520046180838,1.183382474550084
0.5525410230287786,0.8345045679559596
0.6214883767462704,0.797490077839873
1.2344652536370235,0.7940980971237043
1.4947646917495776,0.360486994082971
1.6322682154995127,1.9617870644777824
0.2223924213364481,-0.5049777195600628
0.1740293997750486,1.1452136717735217
3.9835118772114306,3.455978782530309
-0.10691520391651199,-0.9186121813395339
0.0,-0.6879636716545263
0.8073549220576037,0.0028270102015861827
1.1069152039165115,1.0974226387301296
-0.3312059084753738,-0.11746307066198156
-0.18442457113742705,0.20120690030588215
0.6214883767462704,1.0885119410992123
0.9289169019385177,2.2329213243176613
1.3479233034203064,1.1721496747824558
2.0443941193584543,2.659019452340464
1.1805722456418204,1.5731717866270496
0.7842713089445628,0.6798836998339397
-1.1468413883292707,-0.06868884235600192
1.0766212816029128,0.13195880880454253
0.4995710094905119,0.6415342125136997
0.6674246609131291,0.3692749914968063
0.3410369178350665,0.8394635606305896
