,DENV1,DENV2,DENV3,DENV4
1970.0,0.29234400000000005,0.5685730000000001,0.10776700000000002,0.03131600000000001
1970.25,0.296727,0.572087,0.10369,0.027496
1970.5,0.30093030092996986,0.5754085754089424,0.09960909960909002,0.024052024051997592
1970.75,0.37645400000000007,0.47906200000000004,0.11791900000000002,0.026565000000000002
1971.0,0.45636645636645634,0.3793143793143793,0.13516513516513515,0.02915402915402915
1971.25,0.537458,0.280071,0.150387,0.032083999999999994
1971.5,0.6166076166080001,0.18533718533700003,0.162867162867,0.03518803518800001
1971.75,0.5980960000000001,0.15736900000000004,0.19815100000000002,0.046384
1972.0,0.5735480000000001,0.13141700000000003,0.23625800000000002,0.058777
1972.25,0.5438734561269457,0.10743489256498925,0.2766517233479724,0.0720399279600928
1972.5,0.50954,0.08554199999999999,0.31851199999999996,0.086406
1972.75,0.3798263798263419,0.08662008662017796,0.4138884138883725,0.11966511966510768
1973.0,0.249941,0.08702599999999999,0.503883,0.15915
1973.25,0.13076100000000002,0.086443,0.5777920000000001,0.20500400000000002
1973.5,0.027866000000000002,0.08483099999999999,0.630969,0.256334
1973.75,0.0295,0.163502,0.611554,0.195444
1974.0,0.05343890482698063,0.3173889669110449,0.19325872836427763,0.43591339989769684
1974.25,0.050390929288309495,0.39220497119448444,0.15613595226909865,0.40126814724810733
1974.5,0.05150583730134626,0.45655664297857645,0.12694017968992607,0.3649973400301512
1974.75,0.06366732536526347,0.5179116259882515,0.09484430044183866,0.32357674820464644
1975.0,0.0898081373344434,0.5613507753961101,0.07015929330170001,0.2786817939677465
1975.25,0.12899185671907107,0.5894952381548848,0.05105920021079196,0.2304537049152521
1975.5,0.10922476774361241,0.6534821835315755,0.04029806985292082,0.19699497887189138
1975.75,0.24902947846310003,0.4557582185150836,0.03725006409815097,0.2579622389236654
1976.0,0.5142410485342847,0.29419670592107744,0.035968535382634226,0.15559371016200357
1976.25,0.6391241289674888,0.1763004136230859,0.05553328904043896,0.1290421683689864
1976.5,0.6861288773473012,0.1166081071645064,0.0856915737332178,0.11157144175497459
1976.75,0.6742441199621322,0.08840239152803907,0.1279588818223533,0.10939460668747557
1977.0,0.6022132618542683,0.07875132319609576,0.1947589471922889,0.12427646775734717
1977.25,0.48804862543363436,0.0744007795217675,0.2829986658867783,0.15455192915781985
1977.5,0.4371392998898033,0.04871531819416834,0.34625055793228526,0.16789482398374325
1977.75,0.27944935031531476,0.07535718209775076,0.4353963095854214,0.20979715800151313
1978.0,0.11597734015128716,0.10635135501378955,0.531110976145541,0.2465603286893822
1978.25,0.06555362290836231,0.13022712114723295,0.5517118487215302,0.2525074072228745
1978.5,0.049096753121155266,0.18859469338973672,0.4839696919567268,0.27833886153238124
1978.75,0.04322370668157756,0.283510383437837,0.36466555353833147,0.308600356342254
1979.0,0.04240205586742873,0.3961531373951023,0.24506578934824536,0.3163790173892237
1979.25,0.045701769921143234,0.49472147849462894,0.1625066358490283,0.2970701157351994
1979.5,0.055441374386473015,0.5464036527877253,0.1190585415385271,0.2790964312872746
1979.75,0.06791704827129003,0.6100237760072585,0.0883057788577422,0.23375339686370913
1980.0,0.09002715536156242,0.6154940090646027,0.07124785746503547,0.2232309781087993
1980.25,0.1555689284104373,0.5598366160261038,0.06209061520242722,0.2225038403610317
1980.5,0.2822657651839037,0.43504946573361375,0.06486090433805962,0.21782386474442295
1980.75,0.4480877832010553,0.28184388010137806,0.07139812449273301,0.19867021220483355
1981.0,0.5879332343298564,0.163870350468146,0.07834608500065202,0.16985033020134552
1981.25,0.6589946506578863,0.10027621732431116,0.09237812212168026,0.14835100989612218
1981.5,0.6618807112024878,0.07566882043534194,0.1232566861722878,0.1391937821898825
1981.75,0.6125586520791324,0.05847333755497766,0.17728637996284352,0.1516816304030464
1982.0,0.5309820548737334,0.05288160773090179,0.2480105529941018,0.16812578440126297
1982.25,0.4026206820046816,0.059628801497868936,0.3397208948811588,0.19802962161629076
1982.5,0.25248537734638415,0.07509130601675211,0.4444494618206077,0.2279738548162562
1982.75,0.14405070882346105,0.09808877221706276,0.510547689137516,0.24731282982196012
1983.0,0.0860330659862313,0.13575703141104437,0.5169356626762852,0.26127423992643906
1983.25,0.059493866556713605,0.19965051151376767,0.4674638061053978,0.273391815824121
1983.5,0.048553614859774434,0.30074694849394873,0.3710457182306566,0.2796537184156203
1983.75,0.04618997000782943,0.4063750216265371,0.2673998462835857,0.28003516208204776
1984.0,0.04667781950507771,0.5075757562615208,0.18295946629663065,0.2627869579367709
1984.25,0.05354944118884851,0.5872836103668148,0.125367321577367,0.2337996268669697
1984.5,0.07164750652997369,0.6243096673312762,0.0902280267265896,0.2138147994121605
1984.75,0.10913974846378056,0.6093597822435327,0.07374274702652622,0.2077577222661605
1985.0,0.18111891964951934,0.5369320286349215,0.06964142448308967,0.2123076272324695
1985.25,0.30142332946985645,0.4077200603231964,0.07301492028005843,0.21784168992688885
1985.5,0.45240404816436935,0.2568001056951192,0.07976634452313072,0.2110295016173807
1985.75,0.5775618747907239,0.15213683557181135,0.08543144269293537,0.18486984694452938
1986.0,0.6397891288811105,0.09390201504181257,0.0994763781184031,0.16683247795867379
1986.25,0.6449326191619478,0.06463890558816701,0.12731532185548583,0.16311315339439938
1986.5,0.5975430927724575,0.05346810709427691,0.17467673736041442,0.17431206277285116
1986.75,0.5005450907647928,0.05301348395567776,0.24895442999790052,0.19748699528162894
1987.0,0.3692316583673714,0.060404789432789076,0.3454538470072492,0.22490970519259035
1987.25,0.23930404362166335,0.0756645653587642,0.4387922804641782,0.24623911055539432
1987.5,0.14546431340664412,0.10071281574037536,0.4963732974527174,0.25744957340026314
1987.75,0.09115682154432164,0.14431118656839798,0.5004194417289106,0.26411255015836976
1988.0,0.06541264814308903,0.21429308793432017,0.4522608572782844,0.2680334066443063
1988.25,0.05402764575297366,0.3117652411467993,0.3665230087591104,0.26768410434111656
1988.5,0.05004994867664229,0.42708941108735937,0.2680319124372949,0.2548287277987036
1988.75,0.0519841780543925,0.5334886217755953,0.18314427920058246,0.2313829209694298
1989.0,0.061605727861486104,0.605481170948287,0.1251453543034701,0.20776774688675664
1989.25,0.08406202805053883,0.6295638892514838,0.09242525820816415,0.19394882448981335
1989.5,0.1293246366430832,0.5995476664302082,0.07754883995450067,0.193578856972208
1989.75,0.2111356563109739,0.5101768414274807,0.07485617324843108,0.20383132901311438
1990.0,0.3377265838716632,0.3718703580553329,0.07822108537698186,0.21218197269602207
1990.25,0.47839393349654846,0.2335242502010628,0.08285872191757902,0.20522309438480973
1990.5,0.5840806137617078,0.13648736614041768,0.09002926232779009,0.1894027577700843
1990.75,0.6329864735295704,0.08406816421549168,0.10478845159493412,0.1781569106600039
1991.0,0.6259321754553372,0.06017236983547869,0.13392827407758626,0.1799671806315978
1991.25,0.5662986722181513,0.05207907868710514,0.18510403173018034,0.19651821736456304
1991.5,0.46060232492512854,0.05356705144534556,0.2624763630423839,0.2233542605871419
1991.75,0.3316598515612717,0.06242145394788343,0.35693377756595146,0.2489849169248935
1992.0,0.21419790308838574,0.07946165793090351,0.4415437047117298,0.2647967342689809
1992.25,0.13383213793067783,0.10813242272139269,0.4880699161646535,0.26996552318327594
1992.5,0.0890202986113361,0.15592632654212246,0.48539448734372387,0.26965888750281763
1992.75,0.0666619917497144,0.23146227722238036,0.43540878283441553,0.26646694819348976
1993.0,0.05677441069771246,0.3364146570625211,0.35034273820078715,0.2564681940389793
1993.25,0.05433984371650978,0.45529904242808156,0.25448575958202935,0.23587535427337925
1993.5,0.058309304722188725,0.5581283141005247,0.1742140284541138,0.20934835272317287
1993.75,0.07119668874338435,0.6200217417152074,0.12105250913015293,0.18772906041125542
1994.0,0.09952265059453345,0.6301319294649778,0.09223156938939941,0.17811385055108922
1994.25,0.15489118806115285,0.5829612434100678,0.08028731659141887,0.1818602519373603
1994.5,0.2507451942208193,0.4770076335287768,0.07853811293492906,0.1937090593154748
1994.75,0.38302301571294844,0.3337998110776209,0.08151046002012545,0.20166671318930526
1995.0,0.5134568531883891,0.20319507573490236,0.08607032113775819,0.1972777499389503
1995.25,0.5998230534658208,0.11873214159202354,0.09425775147209144,0.18718705347006426
1995.5,0.6287969411576094,0.07550311202350685,0.11188189635833376,0.18381805046055
1995.75,0.6034557645862457,0.05679323729148782,0.1458863832959063,0.19386461482636014
1996.0,0.5278397262895902,0.05155722582562599,0.2032152916728803,0.21738775621190343
1996.25,0.41284244189241237,0.05489703333324546,0.2848140306239141,0.24744649415042816
1996.5,0.2868188440701591,0.06546439491067138,0.3759032822238208,0.2718134787953487
1996.75,0.18412087735129185,0.08459970571940639,0.4490376498347371,0.2822417670945647
1997.0,0.11848805086175185,0.11722358118417404,0.4828258264959368,0.2814625414581374
1997.25,0.08275226260540405,0.17160478656944472,0.4700273972712023,0.2756155535539489
1997.5,0.06539346121405373,0.2558131163865446,0.4132561590445551,0.26553726335484656
1997.75,0.058460592878467686,0.3683458602210979,0.32592656004445486,0.24726698685597964
1998.0,0.05835062161523856,0.488156672409043,0.23341512385107677,0.2200775821246417
1998.25,0.06518650817405777,0.5833327143360438,0.15994486592202947,0.19153591156786895
1998.5,0.08279999468486607,0.6319236573469202,0.11375783511435077,0.17151851285386288
1998.75,0.1195030541324864,0.6252892467231285,0.09004654141679679,0.16516115772758846
1999.0,0.18830960782087977,0.5589102176275906,0.0812188681438774,0.17156130640765213
1999.25,0.29889426588181384,0.43648819076285483,0.08090265112181777,0.1837148922335136
1999.5,0.4351180582564673,0.29061810573803754,0.08401649776417697,0.19024733824131815
1999.75,0.5516595885118258,0.17227179010173005,0.08901940609453292,0.18704921529191126
2000.0,0.6154021103406854,0.10215474484092778,0.09953820454661637,0.18290494027177054
2000.25,0.6217785914175104,0.06809184864007671,0.12189470459227139,0.18823485535014142
2000.5,0.5750732926008398,0.05426166034722872,0.16314168106331403,0.20752336598861734
2000.75,0.48121423787239115,0.05177729042873424,0.2285586690134342,0.23844980268544053
2001.0,0.35834714361483644,0.05693699432502816,0.3138085343326399,0.27090732772749554
2001.25,0.2401855927359061,0.06921015576279883,0.39882703309010664,0.29177721841118837
2001.5,0.15376814303492933,0.09119551177825418,0.45837095906139697,0.29666538612541954
2001.75,0.1023167568793613,0.12911670903571604,0.4773951298748689,0.2911714042100539
2002.0,0.07555070883480439,0.19193745215521882,0.45195159148317543,0.28056024752680137
2002.25,0.06338504332034232,0.28643693235948303,0.38624654721566576,0.2639314771045089
2002.5,0.059801249002579944,0.40598075164325015,0.2962246982234038,0.2379933011307661
2002.75,0.06262253558793421,0.5236233781607915,0.20836189785019268,0.20539218840108167
2003.0,0.07333698646533457,0.6072863816494168,0.14342440837517215,0.1759522235100763
2003.25,0.09743053855800012,0.6392394842945801,0.10502463330459835,0.15830534384282136
2003.5,0.1452417602427137,0.6130605889927014,0.08670976624503868,0.15498788451954618
2003.75,0.23030862275305874,0.5255357086047107,0.08111975048370654,0.16303591815852395
2004.0,0.35522710659060075,0.38854362524442543,0.08218267758191476,0.17404659058305902
2004.25,0.4896849452639991,0.24612188357945,0.08569484591928618,0.1784983252372647
2004.5,0.587022556932777,0.14385275119525884,0.09211213381826976,0.17701255805369454
2004.75,0.6260490230918181,0.08798127457479582,0.10647884968205101,0.17949085265133505
2005.0,0.6082025682451361,0.06220289949692461,0.13554193988132035,0.19405259237661904
2005.25,0.5384574066927006,0.05277227135958831,0.1860271076708892,0.22274321427682173
2005.5,0.4272369565729916,0.05279653435952683,0.26006299659338583,0.25990351247409577
2005.75,0.3015205128449806,0.05971651516849028,0.3466133552982365,0.2921496166882924
2006.0,0.1958241877385365,0.0740872311926668,0.4221738425622294,0.3079147385065673
2006.25,0.12633093764213774,0.09989974873259613,0.4661227263003256,0.3076465873249405
2006.5,0.08775903330680555,0.14468196696191676,0.46916259433083524,0.2983964054004424
2006.75,0.0689113076806381,0.21776423134823683,0.4299074817151438,0.28341697925598125
2007.0,0.061524539918989526,0.32334499208480344,0.35489053541268895,0.2602399325835181
2007.25,0.061300159949184925,0.4479061143413613,0.26351430545401255,0.2272794202554412
2007.5,0.067510143200501,0.5590927702055682,0.18235747717295345,0.19103960942097728
2007.75,0.08319358370138064,0.6273934540081315,0.12696016466061694,0.16245279762987094
2008.0,0.11578506159703875,0.6398839333064836,0.0964116318853408,0.14791937321113696
2008.25,0.17764756512790106,0.5915731989770436,0.08329195487105326,0.1474872810240019
2008.5,0.2807716832020997,0.4823448889748837,0.08062608094820968,0.15625734687480683
2008.75,0.4162302465258514,0.33587282497288906,0.08279714849588597,0.16509978000537368
2009.0,0.5412130912407349,0.20389245512148776,0.0871018337142742,0.16779261992350306
2009.25,0.6151570343428112,0.11954635467811887,0.09611180828238365,0.16918480269668612
2009.5,0.6285909372963395,0.07662320131264366,0.11589853128909193,0.1788873301019249
2009.75,0.5858722183479103,0.05791963854656737,0.1535022084389855,0.20270593466653686
2010.0,0.4933575867805727,0.052273956177388975,0.21449811574594624,0.2398703412960921
2010.25,0.36898040092625867,0.054551558826939954,0.29588193408843244,0.2805861061583689
2010.5,0.24732726472209027,0.0633241900840942,0.3797697663792192,0.3095787788145962
2010.75,0.15749343694624862,0.08044803832168737,0.4426126074193203,0.3194459173127437
2011.0,0.10380922031208663,0.11137480079326305,0.46984708070227604,0.31496889819237434
2011.25,0.07598398714802777,0.16480518362840527,0.4564975232159933,0.30271330600757373
2011.5,0.06360315304645417,0.24977722215873405,0.40330300015321646,0.2833166246415953
2011.75,0.06028168144339024,0.36597804562116265,0.32018336149186666,0.25355691144358045
2012.0,0.06326837312221568,0.4917245787597549,0.23013268748817156,0.21487436062985776
2012.25,0.0733098331095238,0.5916731251471651,0.15771579191376567,0.17730124982954545
2012.5,0.09517344382938629,0.6413687231234958,0.1121762032494678,0.15128162979765014
2012.75,0.13845707568359292,0.6320910054199926,0.0889979082317678,0.1404540106646467
2013.0,0.21693448912328134,0.5599293131708857,0.08051177493603615,0.14262442276979684
2013.25,0.33757806587985645,0.4310112953245535,0.08021517396739641,0.1511954648281935
2013.5,0.4765661662545854,0.28269118064288384,0.08328510365265894,0.15745754944987173
2013.75,0.5847324163593652,0.1667748095666385,0.08902638710727315,0.15946638696672313
2014.0,0.6333239152809836,0.09995567944545627,0.1018497103027317,0.16487069497082849
2014.25,0.6214304185049108,0.06795879097243211,0.12854474002796162,0.18206605049469549
2014.5,0.5542334236019119,0.055052492758819856,0.17615221356029828,0.21456187007897007
2014.75,0.44170203982669126,0.052588688214695985,0.2476357902820477,0.25807348167656513
2015.0,0.31121859968628923,0.056921147814967536,0.33315280614154696,0.2987074463571962
