,DENV1_I,DENV1_II,DENV1_IV,DENV1_V,DENV2_AMERICAN,DENV2_ASIANAMERICAN,DENV2_ASIANI,DENV2_ASIANII,DENV2_COSMOPOLITAN,DENV3_I,DENV3_II,DENV3_III,DENV3_V,DENV4_I,DENV4_II,DENV4_III
1970.166667,0.156094164942,0.168868059506,0.00927202236173,0.223205530411,0.00343556869218,0.0148554757975,0.139082080255,0.0124545908201,0.0112907897446,0.0617791674373,0.0895900000349,0.0164554841727,0.0327015888415,0.0164432703683,0.0404311821916,0.00404102442412
1970.416667,0.158220909205,0.152535498394,0.00939952497596,0.264422966226,0.0030339902551,0.0131154102971,0.122792475421,0.0109953365462,0.00996806605703,0.0637403626973,0.0908266516473,0.0161600274883,0.0290434163474,0.014213527027,0.0378336636539,0.00369817376103
1970.666667,0.15819774178,0.13581883865,0.00939845565958,0.309047992573,0.00261767859584,0.0113216848135,0.105993494484,0.00949200843414,0.00860505616765,0.0654887412834,0.0921962593283,0.015855396196,0.0255417065465,0.0121168833973,0.0349635503998,0.0033445116905
1970.916667,0.158494760474,0.121057558008,0.00941505970793,0.351808788364,0.00220294115496,0.00952292155701,0.0891615295176,0.00798360499894,0.00723771289004,0.0667610000804,0.0933260937923,0.0154827457605,0.0221354452318,0.0102596728312,0.0321373465254,0.00301281910654
1971.166667,0.149860671522,0.101694946699,0.008903293792,0.407167531827,0.00180700315762,0.00781426827504,0.0731687859685,0.00655270549559,0.00594047649968,0.0675288582486,0.0942090557945,0.0150478466236,0.0188733502284,0.00877713751405,0.029904603591,0.00274946476344
1971.416667,0.142073105451,0.0855132050735,0.00843900084334,0.455612132778,0.00146691735113,0.00634286798307,0.0593810397645,0.00531734061596,0.00482148122966,0.0674011896869,0.0942959266278,0.0144757132205,0.0157153616862,0.00774968116617,0.0287974095104,0.00259762701232
1971.666667,0.127501882755,0.0679366331976,0.00757465100265,0.509690734948,0.00121027481585,0.00523377463469,0.0490047481471,0.00438772045308,0.00397797223956,0.0667661950136,0.0941301671431,0.0138612509082,0.0128198075322,0.00662046882025,0.0269011084069,0.0023826099823
1971.916667,0.11171587139,0.0525784701943,0.00663728652896,0.563831088416,0.00101288852875,0.00438026510924,0.0410124298622,0.00367315424955,0.00332915437186,0.0658186432645,0.0938336110814,0.0132459064015,0.0102397296925,0.00491155380923,0.0218764811106,0.00190346598988
1972.166667,0.100385373482,0.0416303257808,0.00596310711692,0.523185805346,0.00114497804178,0.00494876415373,0.0463408730265,0.0041495848494,0.00376152182182,0.0849608286875,0.12305632293,0.0166233137509,0.0104892283693,0.0052830362666,0.0258638244572,0.00221311191968
1972.416667,0.0885832753365,0.0322867757335,0.00526186812002,0.437819186998,0.00143113402668,0.00618720409344,0.0579334816746,0.00518737073233,0.00470313771234,0.11533371889,0.170618622386,0.0220022153171,0.0109922855995,0.00607741846947,0.0328180597351,0.00276424517482
1972.666667,0.0721315715998,0.0230447386142,0.00428457634635,0.335902984217,0.00180046643783,0.00778286005223,0.0728685926388,0.0065264342142,0.00591669814575,0.149986860906,0.228008441868,0.0279739517467,0.0106303480217,0.00711153448191,0.0425049682198,0.00352497249002
1972.916667,0.0467903579769,0.0130661694948,0.00278008289622,0.22101989201,0.00226500815535,0.00979302359879,0.0916965109189,0.00821037941638,0.0074443708274,0.187645690211,0.294983744329,0.0343119019685,0.00936379464807,0.00862860249657,0.057314171379,0.00468629967225
1973.166667,0.0272051765833,0.00662448026603,0.0016165840437,0.125981536677,0.00287295099071,0.0124209004988,0.116286425307,0.0104133491185,0.00944032366824,0.227540793488,0.315088923105,0.0409066049319,0.00732734289373,0.0106922977238,0.0791950465756,0.00638726412919
1973.416667,0.0162480724953,0.00343887961809,0.00096533660041,0.0730022601973,0.00362687733677,0.0156819670053,0.146826218289,0.013149278638,0.0119199002978,0.238704294375,0.296332988319,0.0423860923935,0.0046661456243,0.0133731860332,0.110851059335,0.00882744344226
1973.666667,0.0118794555789,0.00218211128141,0.000705792931212,0.0515604705843,0.00484031956968,0.02091694613,0.195728073436,0.0176573521489,0.0160661858365,0.187369229934,0.264025024327,0.0331430337402,0.00293175525273,0.0173065438281,0.161016842976,0.0126708624456
1973.916667,0.00755320174908,0.00120038658604,0.000449375491184,0.0325828010252,0.00584598527115,0.0252081183068,0.235487120981,0.0216644129494,0.0199695081288,0.138194249225,0.225098134168,0.0243606658965,0.00167643733469,0.021165790829,0.222247985505,0.0172958265534
1974.166667,0.0070646262718,0.000970633183264,0.000419919320419,0.0298435284237,0.00918143268211,0.0394603692536,0.367635923065,0.0348980490961,0.0328500819187,0.118468877783,0.158951509644,0.0208118210731,0.00102742555037,0.0154526867953,0.15112620985,0.0118369060895
1974.416667,0.0077186226049,0.000913832697409,0.000458399843343,0.0324113908652,0.0110906059186,0.0465031064378,0.422865696263,0.0515113843379,0.0527100480059,0.121404750743,0.118345784798,0.0212644121504,0.000689825006972,0.0110179146813,0.0936559835273,0.00743824211819
1974.666667,0.00661053928555,0.000674857838896,0.000392388932843,0.0253915261884,0.0139764592203,0.0568388789691,0.501866723246,0.077949914812,0.0861479037867,0.0698362830671,0.0604790212516,0.0122177387917,0.000318256821752,0.00966145909889,0.0718467970455,0.00579125164401
1974.916667,0.00324663164892,0.000285572502645,0.000193112553018,0.0121040607474,0.0160213196259,0.0606911790867,0.503918429258,0.115196904581,0.148778592362,0.0226796063781,0.0188021403893,0.00396641480108,9.12895705177e-05,0.0116265460708,0.076160079773,0.00623812065204
1975.166667,0.00328555173242,0.000248201389928,0.000194934424966,0.0121380679732,0.016137623704,0.0501808810129,0.414857856537,0.0970376767443,0.27252852616,0.015992556225,0.012801071686,0.00279481565097,5.66669840018e-05,0.013959344839,0.0810360538019,0.00675017113429
1975.416667,0.00483321867669,0.000314203312695,0.000286641618599,0.0180363726165,0.0158975851546,0.0338215060592,0.292367836164,0.0526439381912,0.443357411229,0.0169162653684,0.0132406378437,0.00295571607486,5.18159849006e-05,0.0159361715263,0.0823565468946,0.00698413328394
1975.666667,0.00715033820642,0.000400392755837,0.000424394501418,0.0297905302204,0.0153905738599,0.0217041239363,0.195417848571,0.0259851625573,0.538440977526,0.0195112371809,0.0151625572769,0.00340715688414,5.12764564696e-05,0.0211324459961,0.0975943704997,0.0084366135719
1975.916667,0.00877146682666,0.000422254082777,0.000521354530776,0.0473053834164,0.0145236015257,0.0102590507254,0.0957719655604,0.00887595316858,0.626586280405,0.0210954692783,0.0165206909886,0.00368287425769,4.73958664341e-05,0.0264468934702,0.109509226575,0.0096601393223
1976.166667,0.00840020799494,0.00034737299175,0.000498544571493,0.0484939129316,0.0229544930659,0.0113164257035,0.108905721469,0.00653254209485,0.595797215655,0.022789383681,0.0182413706223,0.00397656304445,4.2885554537e-05,0.0343749162392,0.107264276869,0.010064167511
1976.416667,0.00680507509473,0.000242120115146,0.000403890634558,0.0382839040476,0.0384574591744,0.0149439534787,0.14714582166,0.00529664535081,0.551265720398,0.0241209486395,0.0199834801231,0.0042081761606,3.74964780094e-05,0.0431059511196,0.0958270705287,0.0098722869959
1976.666667,0.00510376840914,0.000156445556946,0.000303247209697,0.028930641041,0.0595478937713,0.0191570799115,0.191664023523,0.0037536218218,0.498910238826,0.0248480549317,0.0215230510741,0.00433332761843,3.21463473177e-05,0.0508169458398,0.0815167075282,0.00940280659043
1976.916667,0.00396529636567,0.000103696118525,0.000235476602483,0.0225517454433,0.0892067462966,0.0243340224805,0.247124052963,0.00110501176303,0.410093304903,0.0274114208313,0.0252132791521,0.00477866279534,2.80843654338e-05,0.0621193758358,0.0721865406759,0.00954328340797
1977.166667,0.00437776420388,9.86970887649e-05,0.000259902333747,0.0240974425391,0.0855714725935,0.030602677323,0.311754494282,0.00042110757873,0.294994631975,0.038967803913,0.0327345344403,0.00679255297566,3.07057609491e-05,0.0719183753143,0.0861461089769,0.0112317287014
1977.416667,0.00560359038287,0.000106565902685,0.000333018445892,0.0278525527529,0.0537225356913,0.0353154961253,0.359907465275,0.000350779429673,0.214050936281,0.057714316796,0.0414197242385,0.0100571570659,3.33018445892e-05,0.0726124520037,0.108081136614,0.0128389711506
1977.666667,0.00690043434718,0.00011214747842,0.000410459771017,0.0313631638149,0.0286682599085,0.0385204158877,0.392652994394,0.000300555242166,0.132668224021,0.0805465619508,0.0507657990564,0.0140341354495,3.14012939576e-05,0.0727253968058,0.135504433751,0.014795616828
1977.916667,0.00822804007406,0.000112046212838,0.000488928928748,0.0343110402868,0.0111717996659,0.0396190881475,0.403923201941,0.00023654200488,0.067694021033,0.106170011454,0.0605932337669,0.0184955475778,2.48991584084e-05,0.0691370404408,0.163279626603,0.0165149327044
1978.166667,0.0115952917893,0.000130567291977,0.000688341600686,0.0441706858104,0.00338787762867,0.0419659310994,0.427878178426,0.000221048134663,0.0386227212285,0.128400333061,0.0702303138311,0.0223670933774,2.06158882069e-05,0.0588159837272,0.137551496771,0.0139535203347
1978.416667,0.0176163043554,0.000161638808199,0.00104658221136,0.0604587286119,0.000983787278677,0.045685639264,0.465822113584,0.000216293657014,0.0254005502697,0.151102051069,0.0809624370016,0.0263203797465,1.97687751034e-05,0.0377699891388,0.078193645618,0.00824009061076
1978.666667,0.0263672025047,0.000193833036477,0.00156602910569,0.0798237537659,0.000796606503571,0.0485563575463,0.495150037407,0.00017846822261,0.0145374777358,0.173683855954,0.0920056873449,0.0302533185043,1.77286313851e-05,0.0121299295937,0.0222931630124,0.00244655113115
1978.916667,0.0284432772969,0.00016273683225,0.00168978792939,0.0776488763356,9.36294103353e-05,0.0627673732715,0.640200010255,9.02855028234e-05,0.00518862982275,0.104307621657,0.0562512121665,0.0181685641484,1.00317225359e-05,0.00176558316632,0.00288244827532,0.000329932207848
1979.166667,0.0346430658871,0.0001488169056,0.00205755547743,0.0882624440049,7.54868361742e-05,0.0672080870126,0.685526154032,6.90165359307e-05,0.00377542019208,0.0657684452084,0.0366488589626,0.0114556665811,8.62706699133e-06,0.00165747524571,0.00240587330721,0.00028900674421
1979.416667,0.0554174454263,0.00016864972413,0.00329187183048,0.126788300833,7.15160222575e-05,0.06381684213,0.650933497571,6.51116023538e-05,0.0035096221072,0.0524223117181,0.0302598166415,0.0091316353793,7.47182322093e-06,0.00167689061144,0.00216576133075,0.000273255249223
1979.666667,0.0850661407212,0.000167072439037,0.00505315320333,0.165588751717,6.72492836375e-05,0.0602049211765,0.614095239696,6.09446632965e-05,0.00291588690772,0.0358228527777,0.0216027815985,0.00624052336755,6.30462034102e-06,0.00135023952303,0.00155198737395,0.00020595093114
1979.916667,0.119111660104,0.000127640958337,0.00707583828714,0.206072209784,6.38204791683e-05,0.0564142154971,0.575428086158,5.76443037649e-05,0.00181579556859,0.0179541418976,0.0114568053733,0.00312720347925,3.08808770169e-06,0.000596000926426,0.000610412002368,8.54370930801e-05
1980.166667,0.169895065025,0.000110316784441,0.0100924392794,0.223841003615,5.67048891986e-05,0.0500786651463,0.510797641901,5.56738912132e-05,0.00194755519448,0.0169764128281,0.011604913324,0.00295690222221,3.09299395629e-06,0.000773248489072,0.000705202622034,0.000105161794514
1980.416667,0.238657612234,0.000104345793612,0.0141774629781,0.22978195903,4.90425229978e-05,0.0421275272551,0.429666761274,7.72158872732e-05,0.00212448035795,0.0214597559143,0.0158970816568,0.00373870978513,4.17383174449e-06,0.00109980466467,0.000892156535386,0.000141910279313
1980.666667,0.323234550027,8.26697671362e-05,0.0192016432206,0.221092873124,4.45144899964e-05,0.0340313276023,0.346453096036,0.000101747405706,0.00195969742865,0.0258851759329,0.0211242452409,0.00450868191535,5.29934404719e-06,0.00123368729419,0.000890289799929,0.00015050137094
1980.916667,0.421423714448,4.43228389103e-05,0.0250348366703,0.198251734266,3.56744800985e-05,0.025947238525,0.263353336267,0.000187020759304,0.00147562622226,0.0300022377628,0.027409892209,0.00522685185686,6.48626910882e-06,0.000911320809789,0.000583764219794,0.000105942395444
1981.166667,0.428488890997,4.52724756283e-05,0.0254549883801,0.150670032639,4.20387273692e-05,0.0343197702745,0.293779561849,0.000458114336715,0.00171173074518,0.0307313876229,0.0268476559637,0.00535400920109,6.46749651833e-06,0.00124391516369,0.000707112952671,0.000139051175144
1981.416667,0.387205448036,4.14469006752e-05,0.0230019671337,0.111937451313,5.41997931906e-05,0.0528426728787,0.361320264452,0.0015760449667,0.00209253711357,0.0293879780608,0.0227830424788,0.0051192236039,5.31370521476e-06,0.0016355584651,0.000822561567245,0.000174289531044
1981.666667,0.338259669088,3.56676779502e-05,0.0200945403276,0.0776600744405,6.50410597916e-05,0.0772918581182,0.428385596972,0.00322163055839,0.00208236296268,0.0268997234706,0.0187370704667,0.00468610345305,5.24524675739e-06,0.0016648413208,0.000739579792792,0.000170995044291
1981.916667,0.281044294478,3.0071632703e-05,0.0166959778673,0.0503762064946,6.11802182578e-05,0.108283801552,0.492448909333,0.00600084615353,0.0015305424093,0.0232381134095,0.0146956958161,0.00404826393354,4.14781140731e-06,0.00103487894612,0.000404411612213,0.000102658332331
1982.166667,0.240176839822,2.50245031593e-05,0.0142681375514,0.0500740308218,6.360394553e-05,0.0992763747836,0.525307071508,0.0124580318228,0.00169332471378,0.031156549121,0.0182053260484,0.00542718912268,4.17075052656e-06,0.00129606072613,0.000444184931078,0.000124079828165
1982.416667,0.208082001676,2.21957517331e-05,0.0123609198342,0.0589413471976,6.34164335232e-05,0.0629386963907,0.547474070606,0.0237367710677,0.0018665570267,0.0477990798275,0.0261349691955,0.00832552078104,6.34164335232e-06,0.00161606211428,0.000483021835335,0.00014902861878
1982.666667,0.172441691775,1.82414393998e-05,0.0102441777618,0.0632441434249,6.33085249757e-05,0.0311445752105,0.563143278995,0.0404799000798,0.00158378615024,0.0682465899239,0.0355064252788,0.0118869803336,7.51118092933e-06,0.00147541053969,0.000381997201549,0.000131982179187
1982.916667,0.133008140728,1.41862546105e-05,0.00790174381807,0.0656048800716,6.32925205701e-05,0.000146227547524,0.573000283725,0.0637159257077,0.000660206464567,0.0926078700976,0.0464534363474,0.0161308627425,8.73000283725e-06,0.000521617669526,0.000116763787948,4.58325148956e-05
1983.166667,0.107875457875,1.11000111e-05,0.00640803640804,0.0543989343989,6.54900654901e-05,0.00011211011211,0.58749028749,0.0631457431457,0.00100788100788,0.109143079143,0.0502453102453,0.019010989011,1.11000111e-05,0.000842490842491,0.00016095016095,7.10400710401e-05
1983.416667,0.0913100332993,1.02249604919e-05,0.00542490959431,0.0402954331918,9.42968578696e-05,0.000138605020001,0.626858244556,0.0417985023841,0.001475802631,0.120094433191,0.049349067654,0.020917996953,1.24971739345e-05,0.00178368755247,0.000288571107216,0.000147693873772
1983.666667,0.0739604810796,9.36134559982e-06,0.00439398159091,0.0277996859269,0.000122867660998,0.000150951697797,0.667861798455,0.0236900552085,0.00175057162717,0.126244766423,0.0474257469769,0.021989800814,1.28718501997e-05,0.00377262227673,0.00051019333519,0.000304243731994
1983.916667,0.056343717664,7.27845298908e-06,0.00334687529948,0.0168860109347,0.00022684511816,0.000135864455796,0.718883097127,0.00132831767051,0.00154545818468,0.125752258443,0.0446059991436,0.0219032911951,1.21307549818e-05,0.00758050878813,0.000844300546733,0.000598046220603
1984.166667,0.0715958970508,8.99995114312e-06,0.00425311976878,0.0166794808828,0.00030471263156,0.000165856242495,0.681962297919,0.0005425684832,0.00168299086376,0.123381615928,0.0559089822084,0.0214918833298,1.41427803678e-05,0.018847183401,0.00169970505874,0.0014605634998
1984.416667,0.117083436123,1.36295674384e-05,0.00695516826382,0.0189818985715,0.000288946829694,0.000212621252039,0.580695898454,0.000515197649172,0.00187133960929,0.123545214046,0.0782582503179,0.0215197240285,1.77184376699e-05,0.043603712149,0.00311708207317,0.003320162628
1984.666667,0.155647113528,1.68379169165e-05,0.00924660683594,0.0150608690697,0.000274587568177,0.000268111446286,0.523432551838,0.000483118693067,0.00201277868372,0.101563724392,0.082532992603,0.0176914697818,1.68379169165e-05,0.0812209303079,0.00444391484159,0.00608755457752
1984.916667,0.194073220402,2.09313721869e-05,0.0115294923034,0.00736045546666,0.000243788923118,0.000389077271239,0.464488080199,0.000396464814363,0.00196139269963,0.0787746035967,0.0825385568188,0.0137223613543,1.47750862496e-05,0.12969078207,0.00521068041735,0.00958533720441
1985.166667,0.201312643604,2.15069951502e-05,0.0119590841366,0.00295004283477,0.000267642606313,0.000782615656854,0.507580618374,0.000440893400579,0.00261071024462,0.0709001991787,0.0650753879922,0.0123509893815,1.43379967668e-05,0.111518549186,0.00400627526325,0.00820850314898
1985.416667,0.249810581064,2.68852683394e-05,0.0148406681234,0.00233290805727,0.000256632106876,0.00143347362555,0.485847350335,0.00048393483011,0.00338876586842,0.0909198672357,0.0567767985022,0.0158390892249,2.07749800805e-05,0.0703514148983,0.00249421966731,0.00517663621299
1985.666667,0.304779908318,3.24849351113e-05,0.0181053536422,0.00184414477786,0.000239888751591,0.00228269140186,0.453357255573,0.000479777503183,0.00381073277268,0.111114720548,0.0474942245534,0.0193572730646,2.74872527865e-05,0.0334419912765,0.00117195650517,0.00246010912439
1985.916667,0.368042529741,3.91827737359e-05,0.0218639877446,0.00110975726904,0.000227512879757,0.00339246982926,0.427232533331,0.000530863386099,0.00379314528973,0.115539888064,0.0366788680981,0.0201285700563,3.15990110773e-05,0.00125384875955,4.29746550652e-05,9.22691123459e-05
1986.166667,0.550053457333,5.83834356462e-05,0.0326764791383,0.000963326688163,0.000148391232268,0.00399196741231,0.275897006754,0.000560724246519,0.00338137398118,0.0833533012792,0.033113138584,0.0145216632954,2.91917178231e-05,0.00112996274407,3.89222904308e-05,8.27098671655e-05
1986.416667,0.732153578308,0.00022740042809,0.0434936406087,0.00111895448743,4.57207209917e-05,0.00211638811117,0.0831034262868,0.000258683026664,0.00142456141195,0.0797790485999,0.0407600227641,0.0139003023583,3.36889523097e-05,0.00143178047316,4.81270747281e-05,0.000104676387534
1986.666667,0.751782416421,0.000527309634509,0.0446138128271,0.00110832673179,2.31918589251e-05,0.0016673725943,0.0409739116,0.000173328629862,0.000906923746388,0.0841864478983,0.0575060451411,0.0146694610822,4.27218453884e-05,0.00164296011122,5.4928086928e-05,0.000120841791242
1986.916667,0.77105698436,0.00101177678419,0.0443594684204,0.000844387242685,1.23992252964e-06,0.00013763140079,0.00227773768695,1.23992252964e-05,6.07562039524e-05,0.083749327342,0.0804536132582,0.0145951280964,4.95969011856e-05,0.00125728144506,4.09174434781e-05,9.17542671934e-05
1987.166667,0.77170294587,0.00214850775273,0.0675524634211,0.000793016625588,2.41405365476e-06,0.000296928599535,0.00347744428968,2.17264828928e-05,0.000107425387637,0.0732785986901,0.0663369874059,0.0127715508605,4.94880999225e-05,0.00132169437598,4.22459389582e-05,9.65621461903e-05
1987.416667,0.676515838487,0.00419396415581,0.114813748765,0.000965388651716,3.82079941313e-06,0.000787084679104,0.00676281496123,4.83967925663e-05,0.000231795164396,0.104260700786,0.0710948882798,0.0181729956086,7.89631878713e-05,0.00187346531224,5.85855910013e-05,0.000137548778873
1987.666667,0.601815621558,0.00736699302552,0.180940266762,0.000993550507937,7.35963339213e-06,0.00189878541517,0.0123555978598,9.93550507937e-05,0.000451390848051,0.113534611129,0.0584428487669,0.0197900541914,9.56752340977e-05,0.00200059367709,6.13302782677e-05,0.000145966062277
1987.916667,0.533195973538,0.0121220395899,0.271166742079,0.00080001173501,1.24120297392e-05,0.00367057570379,0.018479255549,0.00015458618857,0.000688303467357,0.100996685988,0.0393630597684,0.0176059000019,9.36544062141e-05,0.00149621376675,4.51346535972e-05,0.000109451534973
1988.166667,0.436998359039,0.0237886221028,0.405133530022,0.00091719523186,2.23187715748e-05,0.00837910452837,0.0332517812505,0.000272076453483,0.00121371605421,0.0562379903753,0.0222284336899,0.00980538031187,6.37679187852e-05,0.00153149284949,4.46375431496e-05,0.000111593857874
1988.416667,0.355914102668,0.0450201682751,0.485203629574,0.00110677688788,4.19001407232e-05,0.0187354946312,0.0593663676768,0.00047520891308,0.00202142630123,0.0185535867031,0.00840659896558,0.00323550842755,2.65708209464e-05,0.0017189277243,4.80318686339e-05,0.000125700422169
1988.666667,0.366847891433,0.0800281355959,0.397748951929,0.00122742539258,7.91564130722e-05,0.0416212435773,0.106443332024,0.000807595809319,0.00311214960762,3.00593973692e-05,1.50296986846e-05,5.00989956153e-06,0.0,0.00184865293821,5.00989956153e-05,0.000135267288161
1988.916667,0.397083819397,0.121321451336,0.207290551727,0.00116855680228,0.000141309184496,0.0862837889302,0.179663102869,0.00109940549923,0.00390754971878,4.20920975094e-05,2.5054819946e-05,7.01534958489e-06,0.0,0.00178991633695,4.61008687007e-05,0.000130285063719
1989.166667,0.440192034959,0.119657023157,0.125905175222,0.00133702836926,0.000162367762983,0.094743594241,0.210115912542,0.00108245175322,0.00410930758167,4.20953459586e-05,2.90658341143e-05,7.0158909931e-06,0.0,0.00238440066751,5.91339383704e-05,0.000173392734544
1989.416667,0.537150084638,0.085970111558,0.0911075320437,0.00159855358462,0.0001463252811,0.0732989435515,0.202561293756,0.000914031892898,0.00366113871136,3.80846622041e-05,3.00668385822e-05,7.01559566917e-06,0.0,0.00320813167672,7.51670964554e-05,0.000233519112988
1989.666667,0.634140352846,0.053587391815,0.0534080021807,0.00156640222563,0.000132287328077,0.0554083469295,0.193555402334,0.000703528062953,0.00295541917044,2.7058771652e-05,2.50544181963e-05,5.01088363926e-06,0.0,0.00409389193328,9.01959055068e-05,0.000301655195084
1989.916667,0.721425457607,0.0237158705423,0.0210551633253,0.00102920765041,0.000118253654088,0.0406592140141,0.18305264793,0.000485040411683,0.00212756362397,2.30494410511e-05,2.30494410511e-05,4.00859844366e-06,0.0,0.00574833016821,0.000118253654088,0.000414889938919
1990.166667,0.759229767774,7.61693244082e-05,7.61693244082e-05,0.000941092047622,0.000118262898423,0.039592013045,0.184581324284,0.000407906776765,0.00191325316178,2.10467870075e-05,2.60579267712e-05,4.00891181096e-06,0.0,0.0119275148655,0.00023051242913,0.000854900443686
1990.416667,0.738085190624,7.41746813746e-05,7.81841236111e-05,0.000918162272151,0.000123290348771,0.043542542688,0.190367315027,0.000364859243518,0.00180224428529,2.00472111823e-05,2.80660956553e-05,3.00708167735e-06,0.0,0.0225430889745,0.000405956026442,0.00164387131695
1990.666667,0.694160414898,6.91763304664e-05,6.91763304664e-05,0.000729860414196,0.000137350105419,0.0510711804389,0.209902040301,0.000301769209716,0.00160709648895,1.70434437381e-05,2.90741099062e-05,3.00766654202e-06,0.0,0.0384259477408,0.000639630417935,0.00283723210463
1990.916667,0.575687979083,5.71665260905e-05,5.71665260905e-05,0.000491431540076,0.000183534636396,0.0717851100255,0.277769141509,0.000231674868893,0.00127872492571,1.30379796347e-05,2.5073037759e-05,2.00584302072e-06,0.0,0.0663693338696,0.00101094488244,0.00503767474654
1991.166667,0.554693259749,5.51682078658e-05,5.51682078658e-05,0.000574752420129,0.000192587198368,0.0636049314359,0.302311748521,0.000254776814507,0.00141631835466,4.31315079678e-05,9.62935991839e-05,8.02446659866e-06,0.0,0.0691698990221,0.00114148037366,0.00638246012091
1991.416667,0.627058913199,6.31814571449e-05,6.31814571449e-05,0.000765197647644,0.000169486765992,0.0403619194326,0.282002912364,0.00026676615239,0.00146821671842,0.000132380195923,0.000340979292528,2.30662462593e-05,1.00288027214e-06,0.0415964650476,0.00079127253472,0.00489505860832
1991.666667,0.700458865551,7.01935939321e-05,0.000164453562927,0.000833298236536,0.000144398250375,0.0225642321523,0.252413155483,0.000240663750624,0.00133066998783,0.000277766078845,0.000830289939654,4.81327501248e-05,2.0055312552e-06,0.0176306252645,0.000383056469744,0.00260819339739
1991.916667,0.767983176592,7.72175991945e-05,0.000598687100249,0.000825325768014,0.000118333463701,0.00995104203646,0.214967779202,0.000178503021515,0.000993800529893,0.000488376244256,0.00171382957173,8.52402069031e-05,3.0084778907e-06,0.0016707080553,4.11158645062e-05,0.00030385626696
1992.166667,0.694050778255,6.92540237591e-05,0.00141318355729,0.00210070538736,0.000154566951578,0.00745032780238,0.28686321427,0.000209769434285,0.00120642516751,0.00089528390135,0.00367748902976,0.000156574314586,5.01840751878e-06,0.00140013569774,3.91435786465e-05,0.000308130221653
1992.416667,0.562002909699,5.62648951263e-05,0.00255502907689,0.00361903843294,0.000220035929154,0.00641218858385,0.413502771046,0.000243144725367,0.00149001499058,0.00131921084466,0.00632377232008,0.000231087962126,8.03784216089e-06,0.00155934137921,4.82270529654e-05,0.000408925219935
1992.666667,0.493708679889,4.92924025318e-05,0.00415062148666,0.00717556545427,0.000250485882254,0.0049916102319,0.473484711307,0.000190127838337,0.00146871240197,0.00183086066547,0.0102829987486,0.000320903600156,1.10656413847e-05,0.00154918979386,5.33162721263e-05,0.000481858383933
1992.916667,0.469643819879,4.73630376838e-05,0.00682330059909,0.0128938312163,0.000255961948334,0.00380617432621,0.48413187079,0.000109841938458,0.00126167070596,0.00249310968574,0.016521638358,0.000437352305421,1.51158630906e-05,0.00110950435085,4.23244166537e-05,0.00040712057924
1993.166667,0.433621467806,4.45255799457e-05,0.0123558484349,0.0241075657056,0.000257034029686,0.00471060396925,0.485262033038,7.99436549025e-05,0.00137624519832,0.00399414691013,0.0314249399917,0.000699253994147,2.32747349716e-05,0.00138535270331,5.86928099284e-05,0.000599071439269
1993.416667,0.384239018023,4.07560657762e-05,0.0199276783613,0.0416109242559,0.000254725411101,0.00643028827784,0.479210840298,6.62286068863e-05,0.00145091594163,0.00606959709572,0.0570075470045,0.00106373331676,3.56615575542e-05,0.0016659041886,7.74365249748e-05,0.00084874506979
1993.666667,0.320545480714,3.49535323629e-05,0.0271979603586,0.0616487786825,0.000253927132165,0.00825828604326,0.476372440168,7.19631548647e-05,0.00127477588617,0.00819763138416,0.0921724648409,0.00143617896209,4.72900731968e-05,0.00150814211695,7.71033802122e-05,0.000902623571017
1993.916667,0.251157395377,2.80643692689e-05,0.0323914792417,0.0782257913632,0.000254658165588,0.0105584393716,0.475809553111,0.00011849400358,0.000936518396714,0.0101198036741,0.137158887986,0.00177221294828,5.71681596218e-05,0.000803472497958,4.46951066134e-05,0.000563366227546
1994.166667,0.195449451423,2.3844401801e-05,0.0406868431774,0.0649925823176,0.000291316387221,0.0199111122169,0.535858351813,0.00016276396012,0.00115800855703,0.0102199179545,0.127820507637,0.0017893668482,5.28723692109e-05,0.000841811054887,5.07989429673e-05,0.000690450939107
1994.416667,0.194353525169,2.58538224877e-05,0.0646542051242,0.051906202332,0.000290596964761,0.0351746425709,0.519563587476,0.000158225393624,0.00155433180796,0.0112670958401,0.116920292665,0.00197109542646,5.27417978748e-05,0.0010424261227,6.82540913674e-05,0.000996923395124
1994.666667,0.187634495207,2.78800044608e-05,0.0962066672449,0.0405457872281,0.000288093379428,0.0555276755511,0.493681564915,0.000149725949882,0.00213127145211,0.0119305767237,0.107618882404,0.00208686996353,4.95644523748e-05,0.000969604599581,6.91837147731e-05,0.00108215721018
1994.916667,0.173577961969,3.09430194611e-05,0.135066279948,0.0298919882334,0.000285707213024,0.0809139330228,0.462655901246,0.000141306455539,0.00336041191348,0.0120110487208,0.0986525346459,0.00209999958743,4.43516612276e-05,0.000532219934731,4.12573592815e-05,0.000694155069911
1995.166667,0.180056317828,3.91525331174e-05,0.206504884279,0.035946146721,0.000244188167074,0.0752326227149,0.386374712409,0.000117457599352,0.00590275953235,0.0133613170912,0.0923093091329,0.00233472736958,4.32738523929e-05,0.000585227337123,4.84255014873e-05,0.000899477931881
1995.416667,0.190644797148,4.62640257105e-05,0.27181760048,0.051266709024,0.000199449355285,0.0487571426515,0.324141185469,9.86965881823e-05,0.00895568728809,0.0148384151795,0.0839404201596,0.00259181352925,4.11235784093e-05,0.000916027709067,8.22471568186e-05,0.0016624206572
1995.666667,0.196397273813,4.52035908089e-05,0.260457953469,0.0666588587737,0.000194169969611,0.0358341192594,0.320625987544,9.75986619737e-05,0.0144528208068,0.0171023676408,0.0804243795293,0.00298549170206,3.90394647895e-05,0.00144035077986,0.000139720189773,0.0031046648051
1995.916667,0.259531770502,5.78622382767e-05,0.321048629078,0.105846565876,9.19596286898e-05,0.0167139208279,0.148030204088,4.54631872174e-05,0.0114319250767,0.0250729477504,0.0992668027807,0.00437479851542,4.64964414723e-05,0.00229382444597,0.000239714987146,0.0059071145755
1996.166667,0.243926532095,7.53506385192e-05,0.504464267282,0.0972250321014,0.0,9.28980474895e-06,8.15438416852e-05,0.0,1.03220052766e-05,0.0335382595448,0.0966789980223,0.00584948039025,4.74812242724e-05,0.00431046940351,0.000485134248001,0.0132978393979
1996.416667,0.16643492913,7.8275790328e-05,0.61390981393,0.0391667336131,0.0,6.48865104035e-05,0.00056131981222,0.0,0.000105054350177,0.0446254400438,0.0899512424222,0.00778020158076,4.63475074311e-05,0.00769677606738,0.000932099871669,0.0286468793708
1996.666667,0.0932443775061,7.70521293613e-05,0.67854159839,0.00464675708135,2.05472344963e-06,0.000290743368123,0.00246875022474,1.02736172482e-06,0.000693469164252,0.0576863608485,0.0826194025481,0.0100537618391,4.10944689927e-05,0.0122358781426,0.00159241067347,0.0558052615303
1996.916667,0.0888970977782,6.10493030032e-05,0.525853862455,0.00208705837555,5.17366974603e-06,0.000770876792159,0.00648985132943,2.06946789841e-06,0.00262098109334,0.105820171517,0.108551869143,0.0184379242409,4.44935598159e-05,0.020493940598,0.00286000463561,0.117003576041
1997.166667,0.109209231669,4.94024363635e-05,0.38799438459,0.00143369987197,1.23506090909e-05,0.00162101744318,0.0135331799113,4.11686969696e-06,0.00782514007649,0.129319110921,0.0936608440406,0.0225295694166,3.70518272726e-05,0.0336914323825,0.00503390242195,0.194045565514
1997.416667,0.162674499684,4.90756398748e-05,0.3273161146,0.00134855768739,2.55602291014e-05,0.00301917426146,0.0249600749221,7.1568641484e-06,0.020702763163,0.145036919195,0.0741614711241,0.0252657752622,3.16946840858e-05,0.038258550919,0.00610582752775,0.171036784237
1997.666667,0.243990617116,5.2941619647e-05,0.282365146496,0.00128994292486,4.98872954366e-05,0.00505694278436,0.0413412962959,1.22172968416e-05,0.0487195254802,0.171147020914,0.0632866157477,0.0298122405097,2.64708098235e-05,0.0253122028397,0.00431168767702,0.0832252441932
1997.916667,0.335641612306,5.47658455847e-05,0.216808855029,0.00103040924285,8.62054976796e-05,0.00702422678739,0.0568672313634,1.72410995359e-05,0.100698163113,0.191587154772,0.0535599827995,0.0333706552429,1.92694641872e-05,0.000889437899588,0.000161254989777,0.00218353454711
1998.166667,0.314468421042,4.76916239302e-05,0.160075413649,0.00104820101106,0.000145104302596,0.0110847510599,0.0889519816377,2.73973158748e-05,0.178247951797,0.160278356729,0.055604374641,0.0279178648764,1.62354464443e-05,0.000685947612273,0.000132927717763,0.00126737953806
1998.416667,0.295808881403,4.38401526861e-05,0.143425608359,0.00121019212182,0.000166184764833,0.0155550978961,0.123924896721,3.77229220787e-05,0.179206309719,0.140199788752,0.0727063443838,0.0244199845846,1.42735380838e-05,0.00126116904355,0.000259982300813,0.00175972333805
1998.666667,0.286397021472,4.20754052836e-05,0.133065008554,0.00128278674645,0.000176511456312,0.0198164896592,0.156533848637,4.72065522695e-05,0.160484831816,0.120938055767,0.0945711438661,0.0210654108355,1.23147527659e-05,0.00245371448861,0.00053877043351,0.00257480955748
1998.916667,0.275534500796,3.93224534313e-05,0.114259666856,0.00123658768028,0.00019040345872,0.0252460499043,0.197362498176,6.00184815531e-05,0.14156600636,0.0999318065873,0.11933329815,0.0174063944518,1.03480140609e-05,0.00389085328689,0.000907520833139,0.00302472451
1999.166667,0.266313471127,3.23426400149e-05,0.0593873469332,0.00148045826391,0.00020553226074,0.0402822364831,0.22638283044,6.88585239028e-05,0.126705943847,0.107702034561,0.133510417982,0.0187597745196,1.04331096822e-05,0.0105843897726,0.00261766721927,0.00595626231759
1999.416667,0.250284613456,2.93794534792e-05,0.0406978879321,0.0018005407918,0.000201459109572,0.0591146081988,0.222345802463,6.71530365239e-05,0.103008560963,0.127683104821,0.131634641314,0.0222402462838,1.25911943482e-05,0.0246955291817,0.00647502169358,0.00970886010868
1999.666667,0.22796558413,2.53150938082e-05,0.0253889294985,0.00191339917367,0.000194082385863,0.0805579024757,0.209197606458,6.32877345206e-05,0.0811897250253,0.145564953784,0.127680894804,0.0253551760401,1.47671380548e-05,0.0487252268074,0.0135203696848,0.0126427797661
1999.916667,0.200946014662,2.11873384465e-05,0.0141658544854,0.00177761769567,0.000184329844485,0.103164328997,0.188623458621,5.72058138057e-05,0.0608320267808,0.158959066062,0.122368532565,0.0276876138819,1.58905038349e-05,0.0837863892538,0.0245953218357,0.0128151616594
2000.166667,0.191352941927,2.02128519696e-05,0.0109808977911,0.00187979523317,0.000164894318699,0.0996078706718,0.15378576079,4.68087098243e-05,0.0623300524683,0.18114970702,0.124428189056,0.0315533257588,1.80851833412e-05,0.0959695573173,0.0363022821374,0.0104096187643
2000.416667,0.189859736176,2.0292489536e-05,0.00986428596603,0.00200041225795,0.000144183478282,0.0859365571335,0.122380800314,3.73809017769e-05,0.0673806774915,0.211760672514,0.129554729378,0.0368853378219,2.13605153011e-05,0.0895539603997,0.0466428212114,0.00795679194965
2000.666667,0.187274787693,1.92981684966e-05,0.00846010264481,0.00190623019928,0.000124365974756,0.0716980565672,0.0942790579492,2.89472527449e-05,0.0712263235595,0.245233620411,0.134512522903,0.0427154238467,2.46587708568e-05,0.0799319417924,0.0568738468004,0.00569081546555
2000.916667,0.182956409075,1.93699180868e-05,0.0069225935029,0.00157972443063,0.000104382336356,0.0581581790555,0.0705570788442,2.15221312075e-05,0.0716138154865,0.282000180786,0.138648797559,0.0491188839484,2.79787705698e-05,0.0683370710101,0.0663581110456,0.00357590210013
2001.166667,0.23738781649,2.41166456377e-05,0.00879928702426,0.00182080674565,9.20817378893e-05,0.0604670078807,0.0677776401424,2.08280121416e-05,0.0474001707897,0.229156366849,0.170925629746,0.0399152409527,2.30204344723e-05,0.0687883468368,0.0651872931587,0.00221434655401
2001.416667,0.301939715813,3.07751828925e-05,0.0109603615644,0.00200368422904,0.000114307822172,0.0894997274198,0.09265528278,2.85769555431e-05,0.036568611072,0.15643245287,0.173054348973,0.0272481271103,1.6486705121e-05,0.0607754906443,0.0474322506331,0.0012398002251
2001.666667,0.371793736942,3.83935703568e-05,0.0131220691575,0.0017789020932,0.0001482418411,0.134017023283,0.128171602196,3.94600584222e-05,0.0210215462584,0.095269378888,0.113984111461,0.0165945542986,1.06648806547e-05,0.0631702210936,0.0404220306573,0.000418063321662
2001.916667,0.331721668934,3.445363324e-05,0.0136916650397,0.00117873187661,0.000207765848932,0.208692964881,0.184295616349,5.63786725746e-05,0.00386715931882,0.0565405002459,0.0733528292175,0.00984851885919,6.26429695273e-06,0.0764724491,0.0398586774607,0.000174356265184
2002.166667,0.248555287417,2.67111304253e-05,0.0158047704024,0.00095646393946,0.000290740381168,0.378225497418,0.176702346573,5.34222608506e-05,0.00180300130371,0.0399783434373,0.0432617577773,0.00696338623165,4.10940468082e-06,0.0561765893379,0.0311020293268,9.5543658829e-05
2002.416667,0.221046687322,2.44196517147e-05,0.0213010586937,0.000917771910278,0.000350015007911,0.578137289317,0.0888977070965,2.74721081791e-05,0.0025589760026,0.0320802999547,0.0256965960023,0.00558803030072,4.06994195245e-06,0.0140779292135,0.00926725782574,2.44196517147e-05
2002.666667,0.235679743163,2.73446796875e-05,0.0326981603107,0.000951999959489,0.00035142977228,0.646858653325,0.0205024331701,6.0765954861e-06,0.00561578699507,0.0294471817257,0.0174550205338,0.00512965935618,3.03829774305e-06,0.0029572764699,0.00231011905063,6.0765954861e-06
2002.916667,0.326059445811,3.84095223271e-05,0.0625681010939,0.00141811999539,0.000289082194356,0.533101932808,0.0102098575007,3.03233071003e-06,0.0106545993381,0.033035221532,0.0143803230039,0.00575435291073,4.04310761337e-06,0.00128772977486,0.00119271674595,3.03233071003e-06
2003.166667,0.331702760652,4.3468459589e-05,0.103370018691,0.0032520473139,0.000255756285489,0.460334019731,0.00808816616678,2.02178881809e-06,0.0202249644418,0.0473866863185,0.0149996512414,0.00825395284986,5.05447204523e-06,0.000990676520865,0.00108873327854,2.02178881809e-06
2003.416667,0.311993117212,3.84174439459e-05,0.0739616674788,0.0048769934104,0.000266900136887,0.460814207175,0.00911403308349,3.03295610099e-06,0.0398631530207,0.0691059047611,0.0156409546128,0.0120388137502,7.07689756898e-06,0.000985710732823,0.00128698437219,3.03295610099e-06
2003.666667,0.319410411309,3.74027528426e-05,0.055923180811,0.007520985977,0.000247666876931,0.400210466301,0.00948513594384,3.03265563589e-06,0.0641477428955,0.105774985039,0.0167918142559,0.0184365244958,1.11197373316e-05,0.000781414268847,0.00121609490999,2.02177042392e-06
2003.916667,0.410625883838,4.65311060444e-05,0.0507027208558,0.014189964252,0.000140604863917,0.198079883794,0.00665394816435,2.02309156715e-06,0.0638902432363,0.198025260321,0.0215772831094,0.0345270922307,2.02309156715e-05,0.000530049990593,0.000986257138984,2.02309156715e-06
2004.166667,0.3470927769,4.0548458449e-05,0.0547809673646,0.0241243053542,0.000143947027494,0.163287628463,0.00778124917636,2.02742292245e-06,0.105178646371,0.216589590805,0.0259317528896,0.0532239065601,2.12879406857e-05,0.00055450016929,0.00124483767438,2.02742292245e-06
2004.416667,0.246335554579,3.05116188244e-05,0.0569682435071,0.0337651744451,0.000193240252555,0.158666520211,0.0102854667057,3.05116188244e-06,0.200674917008,0.189236111111,0.0306041707349,0.0711836067174,1.93240252555e-05,0.000545140922997,0.00148693289071,2.03410792163e-06
2004.666667,0.202579607063,2.66467157923e-05,0.066424113228,0.0517407479528,0.000175253400018,0.121104198907,0.0104496120853,3.07462105296e-06,0.202958810327,0.190986235946,0.0440019267625,0.10751334898,1.9472600002e-05,0.000462218031628,0.00155268363174,2.04974736864e-06
2004.916667,0.172764963974,2.47709461573e-05,0.0785858266839,0.0781832988088,0.000190942709962,0.109200651889,0.0121656309315,4.12849102621e-06,0.243632576684,0.138772000987,0.0538138484039,0.110520736894,1.34175958352e-05,0.000408720611595,0.00171642014415,2.0642455131e-06
2005.166667,0.22616706707,3.08530244191e-05,0.0836178667808,0.103903730336,0.000185118146515,0.0768805946818,0.0123802902653,4.11373658922e-06,0.265248593102,0.090140196143,0.0460100868821,0.0906729250313,1.13127756204e-05,0.000745614756796,0.00399752353057,4.11373658922e-06
2005.416667,0.350934611939,4.19337814452e-05,0.0652908977102,0.11255640605,0.000138074646222,0.0364271599989,0.00856676471671,3.0683254716e-06,0.218620235402,0.0706952416409,0.0366869448888,0.0901320607283,1.0227751572e-05,0.00123653516506,0.0086506322796,9.2049764148e-06
2005.666667,0.505252485397,5.28807823102e-05,0.0280542719537,0.114196049399,9.45752452855e-05,0.013265957793,0.00443283327096,1.01693812135e-06,0.162501627101,0.048613709953,0.02680038725,0.0791401584796,8.13550497079e-06,0.00168303259083,0.015888641208,1.42371336989e-05
2005.916667,0.545742032454,5.48033624908e-05,0.0011031713894,0.121714208584,8.22050437361e-05,0.00403718103682,0.00187955235802,1.01487708316e-06,0.15225388977,0.0380000426248,0.023419303571,0.0798931537407,7.10413958213e-06,0.00221750642671,0.0295714884492,2.33421729127e-05
