,DENV1,DENV2,DENV3,DENV4
1970.166667,0.15067,0.24223,0.6071,0.0
1970.416667,0.134725,0.228547,0.636728,0.0
1970.666667,0.119003,0.214738,0.666259,0.0
1970.916667,0.103632896367,0.20076979923,0.695597304403,0.0
1971.166667,0.088742,0.186739,0.724519,0.0
1971.416667,0.0744489255511,0.172853827146,0.752697247303,0.0
1971.666667,0.060867,0.159268,0.779865,0.0
1971.916667,0.048115,0.146133,0.805752,0.0
1972.166667,0.036299,0.133589,0.830112,0.0
1972.416667,0.025533,0.12182,0.852647,0.0
1972.666667,0.016074,0.110869,0.873057,0.0
1972.916667,0.00781400781401,0.100533100533,0.891652891653,0.0
1973.166667,0.005573,0.124629,0.869798,0.0
1973.416667,0.004906995093,0.165921834078,0.829171170829,0.0
1973.666667,0.004232,0.213118,0.78265,0.0
1973.916667,0.003557,0.265462,0.730981,0.0
1974.166667,0.003529,0.406548,0.589923,0.0
1974.416667,0.003040996959,0.614474385526,0.382484617515,0.0
1974.666667,0.001877,0.815308,0.182815,0.0
1974.916667,0.000862,0.932571,0.066567,0.0
1975.166667,0.000719999280001,0.954375045625,0.044904955095,0.0
1975.416667,0.000837999162001,0.929854070146,0.043007956992,0.0262999737
1975.666667,0.000985,0.931037,0.042291,0.025687
1975.916667,0.001138,0.933221,0.041462,0.024179
1976.166667,0.0013000013,0.936344936345,0.040609040609,0.021746021746
1976.416667,0.001468001468,0.938516938517,0.039597039597,0.020418020418
1976.666667,0.00164,0.933206,0.038471,0.026683
1976.916667,0.002053,0.918687,0.04218,0.03708
1977.166667,0.003669,0.866972,0.066465,0.062894
1977.416667,0.00637900637901,0.792261792262,0.10248010248,0.0988790988791
1977.666667,0.010012,0.704343,0.143451,0.142194
1977.916667,0.014462,0.605906,0.185813,0.193819
1978.166667,0.018649,0.613972,0.186576,0.180803
1978.416667,0.021366978633,0.683411316589,0.1615998384,0.133621866378
1978.666667,0.023198,0.754614,0.135712,0.086476
1978.916667,0.024352,0.845119,0.112187,0.018342
1979.166667,0.033357,0.833068,0.122742,0.010833
1979.416667,0.049450950549,0.794943205057,0.146968853031,0.00863699136301
1979.666667,0.0804149195851,0.71797028203,0.194695805304,0.00691899308101
1979.916667,0.125555,0.621724,0.249258,0.003463
1980.166667,0.178072,0.536735,0.280535,0.004658
1980.416667,0.237713,0.46352,0.292619,0.006148
1980.666667,0.307825692174,0.39018960981,0.296034703965,0.00594999405001
1980.916667,0.416825,0.269381,0.311744,0.00205
1981.166667,0.558683,0.176219,0.262136,0.002962
1981.416667,0.571165,0.219942,0.204444,0.004449
1981.666667,0.482936,0.313288,0.198363,0.005413
1981.916667,0.39098,0.421389,0.183728,0.003903
1982.166667,0.334032,0.482443,0.17832,0.005205
1982.416667,0.296694,0.518715,0.177978,0.006613
1982.666667,0.261662,0.555951,0.176266,0.006121
1982.916667,0.237288,0.581687,0.179315,0.00171
1983.166667,0.207583,0.577887,0.211421,0.003109
1983.416667,0.154147,0.608006,0.23282,0.005027
1983.666667,0.10702,0.637564,0.248338,0.007078
1983.916667,0.0670489329511,0.664223335777,0.256085743914,0.012641987358
1984.166667,0.077232,0.584693,0.313841,0.024234
1984.416667,0.117893,0.493718,0.339487,0.048902
1984.666667,0.160939,0.434381,0.315825,0.088855
1984.916667,0.207001,0.373836,0.279653,0.13951
1985.166667,0.261846261846,0.300756300756,0.320947320947,0.11645011645
1985.416667,0.27148,0.264069,0.44469,0.019761
1985.666667,0.188917,0.310741,0.495182,0.00516
1985.916667,0.205565,0.335258,0.455291,0.003886
1986.166667,0.24305,0.318476,0.433106,0.005368
1986.416667,0.293464,0.274452,0.425235,0.006849
1986.666667,0.349003,0.232631,0.412025,0.006341
1986.916667,0.410419,0.193627,0.394632,0.001322
1987.166667,0.50849,0.118269,0.371456,0.001785
1987.416667,0.573747426253,0.144447855552,0.278467721532,0.003336996663
1987.666667,0.620018,0.195957,0.179206,0.004819
1987.916667,0.645951,0.255699,0.095423,0.002927
1988.166667,0.633967,0.245345,0.11776,0.002928
1988.416667,0.500825,0.305946,0.189232,0.003997
1988.666667,0.461124,0.301856,0.232021,0.004999
1988.916667,0.468437468437,0.288932288932,0.237931237931,0.004699004699
1989.166667,0.475665,0.327341,0.190721,0.006273
1989.416667,0.446485446485,0.360854360854,0.185157185157,0.00750300750301
1989.666667,0.418373,0.395814,0.179431,0.006382
1989.916667,0.391475,0.433235,0.173618,0.001672
1990.166667,0.437782,0.40211,0.157605,0.002503
1990.416667,0.510513,0.351976,0.134064,0.003447
1990.666667,0.494297,0.366333,0.135597,0.003773
1990.916667,0.47894952105,0.33930966069,0.175647824352,0.00609299390701
1991.166667,0.493154,0.314038,0.178845,0.013963
1991.416667,0.529715,0.285379,0.155979,0.028927
1991.666667,0.561458438542,0.256157743842,0.132180867819,0.0502029497971
1991.916667,0.584717415283,0.226095773904,0.107853892146,0.0813329186671
1992.166667,0.605471,0.256609,0.090354,0.047566
1992.416667,0.524324,0.359734,0.084907,0.031035
1992.666667,0.428182571817,0.481137518862,0.0760269239731,0.014652985347
1992.916667,0.324013,0.612597,0.062921,0.000469
1993.166667,0.271289,0.655899,0.072165,0.000647
1993.416667,0.249187,0.640751,0.109126,0.000936
1993.666667,0.199987,0.697842,0.101234,0.000937
1993.916667,0.163759163759,0.735374735375,0.0999480999481,0.000918000918001
1994.166667,0.207819,0.6224,0.165759,0.004022
1994.416667,0.2374002374,0.499187499187,0.249615249615,0.013797013797
1994.666667,0.258297,0.470293,0.234721,0.036689
1994.916667,0.273721726278,0.451085548914,0.200190799809,0.0750019249981
1995.166667,0.346151653848,0.445518554481,0.101267898732,0.107061892938
1995.416667,0.431072,0.356667,0.075671,0.13659
1995.666667,0.469393,0.33015,0.091378,0.109079
1995.916667,0.344604655395,0.383105616894,0.165874834125,0.106414893585
1996.166667,0.235938764061,0.463581536418,0.215331784668,0.0851479148521
1996.416667,0.244972,0.448432,0.288992,0.017604
1996.666667,0.270806,0.412404,0.311603,0.005187
1996.916667,0.335871664128,0.285970714029,0.376972623027,0.001184998815
1997.166667,0.37856962143,0.284165715834,0.330754669245,0.00650999349001
1997.416667,0.334808,0.356281,0.284037,0.024874
1997.666667,0.335232,0.279714,0.314137,0.070917
1997.916667,0.328881671118,0.267244732755,0.322842677157,0.0810309189691
1998.166667,0.233012,0.345623,0.287763,0.133602
1998.416667,0.1908,0.257152,0.322624,0.229424
1998.666667,0.211457,0.11017,0.363159,0.315214
1998.916667,0.292275707724,0.230708769291,0.382094617905,0.0949209050791
1999.166667,0.32958967041,0.367028632971,0.303281696718,9.99999000001e-05
1999.416667,0.38053,0.282449,0.334923,0.002098
1999.666667,0.390829,0.297957,0.295056,0.016158
1999.916667,0.335336,0.329818,0.270589,0.064257
2000.166667,0.283287283287,0.272339272339,0.242417242417,0.201956201956
2000.416667,0.334649,0.199772,0.203528,0.262051
2000.666667,0.262709,0.203229,0.224691,0.309371
2000.916667,0.29662,0.316609,0.200881,0.18589
2001.166667,0.188812,0.595558,0.197485,0.018145
2001.416667,0.145391,0.515061,0.275153,0.064395
2001.666667,0.145796145796,0.492361492361,0.282908282908,0.0789340789341
2001.916667,0.314973,0.288169,0.287387,0.109471
2002.166667,0.226407,0.248797,0.300643,0.224153
2002.416667,0.203177,0.365064,0.262541,0.169218
2002.666667,0.339231,0.248922,0.187773,0.224074
2002.916667,0.312197,0.207042,0.17733,0.303431
2003.166667,0.357735,0.284286,0.123169,0.23481
2003.416667,0.313288,0.231611,0.076202,0.378899
2003.666667,0.244448,0.229532,0.076592,0.449428
2003.916667,0.266441266441,0.342774342774,0.1118001118,0.278984278984
2004.166667,0.125453,0.289232,0.084817,0.500498
2004.416667,0.120446,0.244315,0.08676,0.548479
2004.666667,0.074398,0.415577,0.062771,0.447254
2004.916667,0.232425,0.344479,0.105386,0.31771
2005.166667,0.209616209616,0.23357023357,0.154021154021,0.402792402792
2005.416667,0.0999880999881,0.173508173508,0.163549163549,0.562954562955
2005.666667,0.0899160899161,0.171358171358,0.0940550940551,0.644670644671
2005.916667,0.1977,0.316747,0.186109,0.299444
2006.166667,0.681333,0.018722,0.016859,0.283086
2006.416667,0.598018,0.039414,0.038013,0.324555
2006.666667,0.721603,0.069266,0.026467,0.182664
2006.916667,0.692483,0.100426,0.086939,0.120152
2007.166667,0.669966,0.24865,0.039521,0.041863
2007.416667,0.703692703693,0.217468217468,0.014379014379,0.0644600644601
2007.666667,0.723462276538,0.131492868507,0.045553954446,0.0994909005091
2007.916667,0.597857,0.177426,0.119382,0.105335
2008.166667,0.617434,0.127725,0.176359,0.078482
2008.416667,0.604402395598,0.141713858286,0.208826791173,0.045056954943
2008.666667,0.578918,0.15586,0.242194,0.023028
2008.916667,0.562419437581,0.175393824606,0.26204973795,0.000136999863
2009.166667,0.768291,0.159871,0.071498,0.00034
2009.416667,0.772276,0.130198,0.095332,0.002194
2009.666667,0.645127,0.189004,0.156474,0.009395
2009.916667,0.410775,0.356104,0.204465,0.028656
2010.166667,0.212556,0.469927,0.232831,0.084686
2010.416667,0.13782,0.252008,0.415273,0.194899
2010.666667,0.107093892906,0.161412838587,0.533377466623,0.198115801884
2010.916667,0.0967199032801,0.161773838226,0.50089049911,0.240615759384
2011.166667,0.053185,0.160585,0.498829,0.287401
2011.416667,0.060935,0.1372,0.49478,0.307085
2011.666667,0.0744560744561,0.16001016001,0.374256374256,0.391277391277
2011.916667,0.103931,0.223772,0.339485,0.332812
2012.166667,0.165387,0.229694,0.361676,0.243243
2012.416667,0.25653,0.17096,0.381153,0.191357
2012.666667,0.370806370806,0.107629107629,0.374569374569,0.146995146995
2012.916667,0.509226,0.077309,0.26767,0.145795
2013.166667,0.473881,0.094071,0.189187,0.242861
2013.416667,0.344721655278,0.121973878026,0.182415817584,0.350888649111
2013.666667,0.29782,0.205635,0.236164,0.260381
2013.916667,0.232755,0.318382,0.27838,0.170483
2014.166667,0.219203780796,0.359810640189,0.313904686095,0.107080892919
2014.416667,0.235151,0.342749,0.368267,0.053833
2014.666667,0.247812,0.32046,0.416395,0.015333
2014.916667,0.357164642835,0.18293981706,0.449122550877,0.010772989227
2015.166667,0.378123378123,0.0969150969151,0.516503516504,0.00845800845801
2015.416667,0.334602,0.048672,0.610085,0.006641
2015.666667,0.285839,0.0001,0.709729,0.004332
2015.916667,0.263201263201,9.90000990001e-05,0.729084729085,0.00761500761501
2016.166667,0.261711,0.0001,0.724553,0.013636
2016.416667,0.259858,0.000111,0.719244,0.020787
2016.666667,0.257979,0.000124,0.713826,0.028071
2016.916667,0.256276743723,0.000134999865,0.709032290968,0.034555965444
2017.166667,0.254952,0.000142,0.705472,0.039434
2017.416667,0.254249254249,0.000142000142,0.703528703529,0.04208004208
2017.666667,0.0,0.0,1.0,0.0
2017.916667,0.0,0.0,1.0,0.0
2018.166667,0.0,0.0,1.0,0.0
2018.416667,0.0,0.0,1.0,0.0
2018.666667,0.0,0.0,1.0,0.0
2018.916667,0.0,0.0,1.0,0.0
