,DENV1,DENV2,DENV3,DENV4
1970.0,0.29234400000000005,0.5685730000000001,0.10776700000000002,0.03131600000000001
1970.25,0.296727,0.572087,0.10369,0.027496
1970.5,0.30093030092996986,0.5754085754089424,0.09960909960909002,0.024052024051997592
1970.75,0.37645400000000007,0.47906200000000004,0.11791900000000002,0.026565000000000002
1971.0,0.45636645636645634,0.3793143793143793,0.13516513516513515,0.02915402915402915
1971.25,0.537458,0.280071,0.150387,0.032083999999999994
1971.5,0.6166076166080001,0.18533718533700003,0.162867162867,0.03518803518800001
1971.75,0.5980960000000001,0.15736900000000004,0.19815100000000002,0.046384
1972.0,0.5735480000000001,0.13141700000000003,0.23625800000000002,0.058777
1972.25,0.5438734561269457,0.10743489256498925,0.2766517233479724,0.0720399279600928
1972.5,0.50954,0.08554199999999999,0.31851199999999996,0.086406
1972.75,0.3798263798263419,0.08662008662017796,0.4138884138883725,0.11966511966510768
1973.0,0.4449226695607277,0.2272058408988714,0.2813337080029621,0.04653778153743893
1973.25,0.4421306883493699,0.19517126385209718,0.30675619162119117,0.05594185617734176
1973.5,0.4409368717819968,0.16366209757225647,0.329305210046647,0.0660958205990995
1973.75,0.3479072210720437,0.17137049232004303,0.3920111995979016,0.08871108701001164
1974.0,0.4179257548674444,0.3706698949473914,0.18449744433008747,0.02690690585507685
1974.25,0.4153496660016822,0.2760778782696878,0.269603707202928,0.038968748525702056
1974.5,0.41899251843060076,0.24136544548068925,0.2925349727380549,0.04710706335065524
1974.75,0.3336150208460909,0.26921073859965794,0.33469961918881164,0.062474621365439645
1975.0,0.38750613922735766,0.4804822598687783,0.11684487603772313,0.015166724866140973
1975.25,0.40071817812987937,0.29765261324432285,0.27408658712422895,0.027542621501568897
1975.5,0.4021065102592791,0.2915316845269029,0.2730410538942944,0.03332075131952356
1975.75,0.3162216935995204,0.3483719715057613,0.29221813736823943,0.04318819752647891
1976.0,0.3748554308079238,0.5321658827627508,0.08389208699898941,0.00908659943033587
1976.25,0.4043846083248106,0.261562979347915,0.3142412285289906,0.019811183798283664
1976.5,0.39298734944595887,0.328273797568225,0.25496080655365205,0.02377804643216408
1976.75,0.3033680965809705,0.4069585725890311,0.25962815326288863,0.030045177567109692
1977.0,0.3901298082087281,0.5359649977141429,0.06803443971033322,0.005870754366795673
1977.25,0.40779347221700996,0.2028203315469521,0.3752904112075169,0.014095785028521112
1977.5,0.3778795478885839,0.38259150724489754,0.2225498404324756,0.016979104434042838
1977.75,0.2936596303902454,0.45007694616010707,0.2351046284570593,0.021158794992588197
1978.0,0.43004156850872194,0.5051742763030672,0.060764521454098976,0.004019633734111898
1978.25,0.3903301304270859,0.14973277507466465,0.4501288508734969,0.009808243624752435
1978.5,0.346408668037747,0.47148628504974194,0.17032599189336126,0.011779055019149701
1978.75,0.29383519623381577,0.4669467992144591,0.22398922119787373,0.015228783353851437
1979.0,0.491845483848256,0.44720617986633515,0.05810185464530065,0.0028464816401082083
1979.25,0.3432222128794293,0.11250949476495781,0.5375631047580565,0.0067051875975564414
1979.5,0.29818985174632473,0.5874486420842255,0.10677872073147332,0.0075827854379764345
1979.75,0.31835061756086663,0.435800743005877,0.2345064511771064,0.011342188256149955
1980.0,0.5642712517247727,0.37654500549429165,0.05715381809506831,0.0020299246858674403
1980.25,0.26857535704627755,0.09094114873196507,0.6359620463206297,0.004521447901127572
1980.5,0.24298747500767026,0.7008304990662817,0.0518161509944286,0.004365874931619403
1980.75,0.37949147689310747,0.34285257764432847,0.26908371241620505,0.008572233046359116
1981.0,0.6218146181899088,0.32122868983258085,0.05551539512236872,0.0014412968551415254
1981.25,0.1815918180675886,0.08101886523599981,0.7344056493781825,0.0029836673182290305
1981.5,0.19556379443355584,0.7830742756129944,0.019116298886828108,0.0022456310666216293
1981.75,0.471892102320151,0.21193979377310618,0.3100537693073902,0.006114334599352591
1982.0,0.6338325089019289,0.3130103919269993,0.05211994231836405,0.0010371568527077248
1982.25,0.10643580697702212,0.07771731050396145,0.8139451931367241,0.001901689382292493
1982.5,0.16455767147401162,0.8288319598050136,0.005544328905291781,0.001066039815682715
1982.75,0.5696061647164395,0.1014371204587898,0.3250964216163534,0.0038602932084171476
1983.0,0.5744157955825671,0.3776624083407416,0.047156417587289085,0.000765378489402139
1983.25,0.05773897106590116,0.07496726827211606,0.8661245657009108,0.001169194961071949
1983.5,0.1496723784005463,0.8484811450465588,0.0013596860558975135,0.00048679049699743086
1983.75,0.6533884394940155,0.04011787263283547,0.3043228348314776,0.0021708530416714557
1984.0,0.43504957527133026,0.523782609998517,0.040616928792565704,0.0005508859375870287
1984.25,0.032824029228793995,0.06502183591500929,0.9014537686613038,0.0007003661948929092
1984.5,0.14780176773874623,0.8516737920993711,0.00030401744243126834,0.0002204227194512823
1984.75,0.7211424570515635,0.01429202484131261,0.2634300158715244,0.0011355022355993701
1985.0,0.2569544304626423,0.7104566634938103,0.03223514500303668,0.00035376104051067887
1985.25,0.022447943760728683,0.0442369560495488,0.9329040174120471,0.00041108277767555173
1985.5,0.15715535959052054,0.8426800369285643,6.447324825186265e-05,0.00010013023266328461
1985.75,0.7755726768216309,0.004904678460130323,0.21894854789290893,0.0005740968253298019
1986.0,0.11656369189265602,0.8598252939738384,0.023416135347509935,0.00019487878599553732
1986.25,0.01955200947386206,0.02173982484667705,0.9584739028252476,0.00023426285421330795
1986.5,0.1762165513113083,0.823725132433223,1.2974877769560467e-05,4.53413776993163e-05
1986.75,0.8183679165526965,0.0017050074561653858,0.17963856931246955,0.0002885066786685663
1987.0,0.042946789965139294,0.940715090711987,0.016242638591302833,9.548073157086823e-05
1987.25,0.020311588033089575,0.008102045709081422,0.9714577829917069,0.0001285832661221445
1987.5,0.20240052209701032,0.7975767083656781,2.480357028100404e-06,2.02891802835865e-05
1987.75,0.8504780458997201,0.0006234084624672396,0.14875136989656138,0.0001471757412512959
1988.0,0.013797764000253518,0.9748936055167199,0.011264715275305063,4.39152077215854e-05
1988.25,0.0228199081793881,0.002571885994879994,0.974539750315971,6.845550976101042e-05
1988.5,0.23343524842615304,0.7665553122779473,4.5991798117508217e-07,8.97937791853414e-06
1988.75,0.8730974040289436,0.0002457884799823599,0.12657942541192224,7.738207915179696e-05
1989.0,0.004060692661478669,0.987950836014989,0.007968865987548758,1.9605335983622213e-05
1989.25,0.02615792387002029,0.0007577518438840288,0.9730485866127337,3.5737673361923275e-05
1989.5,0.2678806773374836,0.7321152937406803,8.431670111966085e-08,3.944605135064616e-06
1989.75,0.8877122032720083,0.00010626853409403708,0.11213913979874754,4.238839515017613e-05
1990.0,0.0011264304614299796,0.9931132424394222,0.0057517098349740385,8.617264173787357e-06
1990.25,0.029939573523497954,0.00021599385422574314,0.969825998929105,1.843369317124222e-05
1990.5,0.3047082797180629,0.6952899816445793,1.5419590400541013e-08,1.7232177674386075e-06
1990.75,0.8956015712924459,5.100649106896861e-05,0.1043230473779408,2.437483854447826e-05
1991.0,0.00029958432212882934,0.995493017992285,0.004203650539947494,3.7471456387168586e-06
1991.25,0.03405768228062669,6.0597598586485875e-05,0.9658722836428266,9.436477960275002e-06
1991.5,0.34305599157280037,0.6569432564192472,2.822330637473862e-09,7.491856215379807e-07
1991.75,0.8974977149119827,2.741093771117127e-05,0.10246008730570792,1.478684459820214e-05
1992.0,7.728931571037611e-05,0.9968390301670498,0.003082066330282208,1.6141869578706914e-06
1992.25,0.038540666549014356,1.685525010688184e-05,0.961437670480429,4.807720449703339e-06
1992.5,0.38210926068200723,0.6178904144676913,5.178564937551812e-10,3.243324448858112e-07
1992.75,0.8934402756718571,1.657535430210789e-05,0.10653366081810997,9.488155730932247e-06
1993.0,1.95291563689321e-05,0.9977338207828041,0.0022459610078567234,6.890529702891279e-07
1993.25,0.043490002712330764,4.665203140712646e-06,0.9565028894043535,2.442680175152895e-06
1993.5,0.4210529542363135,0.5789469057614075,9.538304895030948e-11,1.399068957252174e-07
1993.75,0.8826707658696101,1.1293872476040022e-05,0.11731149890713151,6.441350782313264e-06
1994.0,4.879124113509188e-06,0.9983835174098135,0.0016113119757014385,2.914903717129799e-07
1994.25,0.04906879058494807,1.2879209914779377e-06,0.9509286818301661,1.2396638942592694e-06
1994.5,0.45907020353090533,0.5409297362588159,1.7665441585228584e-11,6.01926131626786e-08
1994.75,0.8634803411449151,8.649135064779693e-06,0.13650639390022432,4.615819795773171e-06
1995.0,1.2185895521954792e-06,0.9988726794818438,0.0011259797152344008,1.2221336956256807e-07
1995.25,0.05552310725330485,3.5533937609167254e-07,0.9444759080000602,6.294072587416765e-07
1995.5,0.4953570598488348,0.5046429142865644,3.2972044865014305e-12,2.5861303710661794e-08
1995.75,0.8330226218108959,7.393421766748085e-06,0.1669665122841205,3.47248321685649e-06
1996.0,3.085522734708443e-07,0.9992433805794744,0.0007562600703150408,5.079793713237383e-08
1996.25,0.06323428769599021,9.817204765749327e-08,0.9367652938794697,3.2025249237155075e-07
1996.5,0.5291278455239383,0.47087214336117617,6.220943748468525e-13,1.1114263345598739e-08
1996.75,0.7872575478072144,6.969925026044407e-06,0.21273276501763333,2.7172501263441215e-06
1997.0,8.07227976407906e-08,0.9995202828797374,0.00047961545698315094,2.0940481890883246e-08
1997.25,0.07281509363104449,2.7219864461610405e-08,0.9271847155177413,1.6363134979764713e-07
1997.5,0.5595924165849188,0.44040757862667496,1.1914383605972644e-13,4.788286938647085e-09
1997.75,0.7214792698645255,7.11722336046548e-06,0.27851143184368926,2.181068424949091e-06
1998.0,2.239128161728143e-08,0.9997195992870266,0.00028036975538221195,8.566309679279814e-09
1998.25,0.0852763899502992,7.593756426603484e-09,0.9147235182956852,8.416025910889738e-08
1998.5,0.5858864636864896,0.41411353423943514,2.3300383757693727e-14,2.0740519014578306e-09
1998.75,0.632209945935927,7.682956974513063e-06,0.36778060909063814,1.7620164603289525e-06
1999.0,6.811521627763482e-09,0.999853603806095,0.00014638590224854697,3.48013468228107e-09
1999.25,0.10229875067091458,2.1374415956419097e-09,0.8977012035044493,4.3687194525449194e-08
1999.5,0.6069273389392831,0.39307266015379577,4.6936300609338785e-15,9.069166189929942e-10
1999.75,0.5208873217906975,8.512092013006671e-06,0.4791027657981451,1.4003191444392494e-06
2000.0,2.364629391453158e-09,0.9999342062072711,6.579002267850448e-05,1.4054210168522875e-09
2000.25,0.1266177825097494,6.082718670342389e-10,0.8733821939489682,2.2933010427823667e-08
2000.5,0.6211482772955977,0.3788517223017109,9.868350495722086e-16,4.0269035939772006e-10
2000.75,0.39744952348003476,9.382815004736429e-06,0.6025400234232354,1.0702817250650484e-06
2001.0,9.72999505299415e-10,0.9999754067143534,2.4591747782215044e-05,5.648647845139453e-10
2001.25,0.16239762684283998,1.7491507819670075e-10,0.8376023608161673,1.2166077698952908e-08
2001.5,0.6260338026656594,0.3739661971512146,2.2100051254432067e-16,1.8312584744726651e-10
2001.75,0.2789490369552761,1.001449137334335e-05,0.7210401744317713,7.741215793103243e-07
2002.0,4.854187095643529e-10,0.9999924903901085,7.508898173483973e-06,2.2629934077281612e-10
2002.25,0.21512409027091506,5.0523141119705915e-11,0.7848759031951643,6.4833974847686885e-09
2002.5,0.6173622507452111,0.38263774916846627,5.434993677378732e-17,8.632259314848724e-11
2002.75,0.181348597317491,1.0139347937600563e-05,0.8186407363665115,5.269680599538658e-07
2003.0,2.9251418594539396e-10,0.9999981077286157,1.8918883093004357e-06,9.056081792020484e-11
2003.25,0.29011451433543317,1.446548612008487e-11,0.7098854822252135,3.4248878686510256e-09
2003.5,0.5881875824569549,0.41181241750024394,1.5306948981420682e-17,4.280131787900635e-11
2003.75,0.11159635460151605,9.56190641171188e-06,0.8883937446592821,3.3883279003829434e-07
2004.0,2.0711898537215229e-10,0.9999995917090122,4.080475573193266e-07,3.631141622152919e-11
2004.25,0.3890198412212093,4.028621936575877e-12,0.6109801570149155,1.759846649388092e-09
2004.5,0.5283864146218251,0.47161358535559267,5.176906833989057e-18,2.258216622478861e-11
2004.75,0.06732408898017875,8.183316955175042e-06,0.9326675204655263,2.0723733967779307e-07
2005.0,1.662804285768681e-10,0.9999999206550145,7.916404967676443e-08,1.465534660554797e-11
2005.25,0.5058362227489128,1.0710234063867126e-12,0.49416377638679243,8.63223515180051e-10
2005.5,0.42834010709205916,0.5716598928953303,2.1736033076118393e-18,1.2610687159218928e-11
2005.75,0.041861765250093774,6.0862248432116395e-06,0.9581320272244291,1.2130063390892104e-07
2006.0,1.472828661740885e-10,0.9999999853529047,1.4493817347554465e-08,5.995032640687529e-12
2006.25,0.6266912949128421,2.686091230468911e-13,0.37330870468744975,3.9943963380275336e-10
2006.5,0.29332542206574913,0.706674577927069,1.123639789319735e-18,7.181948140125625e-12
2006.75,0.028638650950055293,3.7029223841243335e-06,0.9713575778782068,6.824935376047425e-08
2007.0,1.421822511665174e-10,0.9999999972504791,2.6048303487813054e-09,2.5081974662445363e-12
2007.25,0.7357916893558709,6.347637436203833e-14,0.2642083104699055,1.7416001458252966e-10
2007.5,0.15911504752306269,0.8408849524730002,6.794290356515184e-19,3.937142668150238e-12
2007.75,0.022889139507428213,1.7498108080884328e-06,0.9771090736021971,3.7079566626687006e-08
2008.0,1.4899897257566614e-10,0.9999999993775239,4.723954579582359e-10,1.0817412438414779e-12
2008.25,0.8229292654243271,1.4246821768142736e-14,0.17707073450353797,7.212072015785024e-11
2008.5,0.06746539619830348,0.932534603799685,4.565363376726635e-19,2.0115521852917334e-12
2008.75,0.021528464601679526,6.468895464707067e-07,0.978470868940577,1.9568197091304087e-08
2009.0,1.6740762859854468e-10,0.9999999997446297,8.748173386354526e-11,4.808373992367186e-13
2009.25,0.8860506893507726,3.0743313239774546e-15,0.11394931062051021,2.8714302477536517e-11
2009.5,0.023470402907040798,0.9765295970919886,3.333658506717948e-19,9.704508273937482e-13
2009.75,0.02251675706671734,2.0180347888252012e-07,0.9774830310277729,1.0102030903195389e-08
2010.0,1.964403251112873e-10,0.9999999997868396,1.6501760363740205e-11,2.1818655756626413e-13
2010.25,0.9286631130070306,6.455859402546551e-16,0.07133688698184354,1.1125181269568991e-11
2010.5,0.007160269588979672,0.992839730410566,2.616640598024702e-19,4.545577309522488e-13
2010.75,0.024547533734937264,5.775439216449319e-08,0.975452403374563,5.136107581578309e-09
2011.0,2.3474247700275126e-10,0.9999999997620087,3.1487172847980266e-12,9.998997541945626e-14
2011.25,0.9561105641011762,1.3320004347499105e-16,0.04388943589458851,4.235091401788603e-12
2011.5,0.0020162635904697017,0.9979837364093197,2.1749991605522476e-19,2.1050147382574208e-13
2011.75,0.02694260170528218,1.5940097996978538e-08,0.9730573797691997,2.5854200706832227e-09
2012.0,2.81655345666011e-10,0.9999999997176937,6.049963763323121e-13,4.599160868384242e-14
2012.25,0.9732772443102992,2.718514507865297e-17,0.026722755688105997,1.594760430586599e-12
2012.5,0.0005411789814905613,0.9994588210184123,1.8827501179875944e-19,9.712216587678221e-14
2012.75,0.029448105433731993,4.335712619863621e-09,0.9705518889372711,1.2932842793472242e-09
2013.0,3.3742116811673107e-10,0.9999999996624408,1.1682928997952108e-13,2.1178898292643554e-14
2013.25,0.983825765943843,5.512468932787715e-18,0.016174234055560493,5.966440616541719e-13
2013.5,0.00014113835907115062,0.999858861640884,1.6737109220497952e-19,4.476245836469436e-14
2013.75,0.03201281045349524,1.1718986828939614e-09,0.9679871877302145,6.443917308674862e-10
2014.0,4.028657232952847e-10,0.9999999995971018,2.2659453315206956e-14,9.75601055399449e-15
2014.25,0.9902411861964614,1.1136447006133113e-18,0.009758813803316174,2.2239304058724586e-13
2014.5,3.617711013327822e-05,0.9999638228898461,1.5129589278518506e-19,2.0624398654798363e-14
2014.75,0.03465538981119869,3.1576984233958544e-10,0.965344609552746,3.2028534966344973e-10
2015.0,4.791046963985956e-10,0.9999999995208864,4.4134912153921866e-15,4.494488223704394e-15
